ABR Group Header  ==================================
    Group Number: 0
         Records: 9
  SigGen File #1: TonePip_B_long505-100
  SigGen File #2: 
      Subject ID: 201028C3-F2
    Reference #1: 20201210
    Reference #2: female
            Memo:  
      Start Time: Thu Dec 10 20:14
        End Time: Mon Aug 31 16:25
----------------------------------------------------

   Record Number: 0
   Aqu. Duration: 11.9603 ms
     Onset Delay: 0 ms
      No. Points: 292
    No. Averages: 630
   No. Artifacts: 0
      Start Time: Thu Dec 10 20:15

    SigGen Index: 19
       Variables: 
                  Freq = 8000 Hz
                  Level = 90 dB
                  Atten-A = 0 dB
                  Phase = 270 deg
                  Duration = 5 ms
                  GateTime = 0.5 ms
-6.37846e-008
-6.65559e-008
-7.83968e-008
-9.94792e-008
-1.27905e-007
-1.62307e-007
-2.03326e-007
-2.52695e-007
-3.10659e-007
-3.7374e-007
-4.34751e-007
-4.85471e-007
-5.20569e-007
-5.40373e-007
-5.50696e-007
-5.59686e-007
-5.73439e-007
-5.93019e-007
-6.14845e-007
-6.34143e-007
-6.48734e-007
-6.59846e-007
-6.68797e-007
-6.71685e-007
-6.55831e-007
-6.00515e-007
-4.81911e-007
-2.80171e-007
1.3693e-008
3.92736e-007
8.31678e-007
1.28753e-006
1.7033e-006
2.01492e-006
2.16148e-006
2.0985e-006
1.81211e-006
1.32995e-006
7.23e-007
9.44967e-008
-4.43373e-007
-7.9839e-007
-9.22713e-007
-8.23812e-007
-5.58327e-007
-2.11952e-007
1.26984e-007
3.91627e-007
5.51478e-007
6.14116e-007
6.13817e-007
5.92148e-007
5.79428e-007
5.85207e-007
5.99916e-007
6.03201e-007
5.72258e-007
4.86988e-007
3.33594e-007
1.09395e-007
-1.71562e-007
-4.7596e-007
-7.5541e-007
-9.57408e-007
-1.03934e-006
-9.80474e-007
-7.87971e-007
-4.95279e-007
-1.53855e-007
1.7852e-007
4.48796e-007
6.16203e-007
6.56006e-007
5.61127e-007
3.42999e-007
3.096e-008
-3.3184e-007
-6.96813e-007
-1.02041e-006
-1.27249e-006
-1.43917e-006
-1.52005e-006
-1.52231e-006
-1.45489e-006
-1.32501e-006
-1.13803e-006
-9.00216e-007
-6.22481e-007
-3.22257e-007
-2.20976e-008
2.54408e-007
4.87312e-007
6.63747e-007
7.79151e-007
8.36233e-007
8.42445e-007
8.07112e-007
7.39198e-007
6.46055e-007
5.32954e-007
4.03245e-007
2.59278e-007
1.04091e-007
-5.67386e-008
-2.13944e-007
-3.54409e-007
-4.61712e-007
-5.17382e-007
-5.03673e-007
-4.08406e-007
-2.30668e-007
1.57045e-008
3.03691e-007
5.99902e-007
8.73428e-007
1.10207e-006
1.27305e-006
1.37915e-006
1.41447e-006
1.37379e-006
1.25635e-006
1.07078e-006
8.36591e-007
5.80634e-007
3.29917e-007
1.04553e-007
-8.62938e-008
-2.44069e-007
-3.76565e-007
-4.9184e-007
-5.93394e-007
-6.78958e-007
-7.43013e-007
-7.80905e-007
-7.91926e-007
-7.79855e-007
-7.51097e-007
-7.11493e-007
-6.633e-007
-6.04022e-007
-5.285e-007
-4.34008e-007
-3.25518e-007
-2.16959e-007
-1.2637e-007
-6.7218e-008
-4.13807e-008
-3.85438e-008
-4.25239e-008
-4.05234e-008
-2.96841e-008
-1.73994e-008
-1.57604e-008
-3.35805e-008
-7.02792e-008
-1.14699e-007
-1.49378e-007
-1.57962e-007
-1.31864e-007
-7.31016e-008
7.30914e-009
9.39013e-008
1.72083e-007
2.32457e-007
2.72867e-007
2.97499e-007
3.13372e-007
3.25798e-007
3.35104e-007
3.36521e-007
3.23518e-007
2.9284e-007
2.48282e-007
2.00677e-007
1.63678e-007
1.47351e-007
1.5313e-007
1.73084e-007
1.94039e-007
2.0412e-007
1.97766e-007
1.76345e-007
1.44542e-007
1.05381e-007
5.73094e-008
-4.80303e-009
-8.53379e-008
-1.82826e-007
-2.87439e-007
-3.83267e-007
-4.54706e-007
-4.9341e-007
-5.01571e-007
-4.89369e-007
-4.68049e-007
-4.42969e-007
-4.11068e-007
-3.64329e-007
-2.96678e-007
-2.09365e-007
-1.11268e-007
-1.4549e-008
7.05533e-008
1.38265e-007
1.86606e-007
2.15668e-007
2.26976e-007
2.24014e-007
2.12331e-007
1.98008e-007
1.85129e-007
1.74175e-007
1.62795e-007
1.48719e-007
1.32964e-007
1.21005e-007
1.20464e-007
1.36097e-007
1.652e-007
1.97093e-007
2.1785e-007
2.17558e-007
1.95215e-007
1.58199e-007
1.17376e-007
8.18299e-008
5.65239e-008
4.30822e-008
4.15765e-008
5.1227e-008
6.96885e-008
9.21953e-008
1.12044e-007
1.22712e-007
1.20358e-007
1.04882e-007
7.87015e-008
4.42155e-008
2.07571e-009
-4.82609e-008
-1.06129e-007
-1.67408e-007
-2.24425e-007
-2.68536e-007
-2.93936e-007
-3.00311e-007
-2.92578e-007
-2.78046e-007
-2.63017e-007
-2.50767e-007
-2.41276e-007
-2.31827e-007
-2.17788e-007
-1.93869e-007
-1.5638e-007
-1.05883e-007
-4.84265e-008
6.15897e-009
4.8322e-008
7.27408e-008
7.98963e-008
7.49958e-008
6.55734e-008
5.90152e-008
6.03917e-008
7.08607e-008
8.74379e-008
1.04746e-007
1.17994e-007
1.25297e-007
1.27937e-007
1.28785e-007
1.30276e-007
1.33132e-007
1.36213e-007
1.37228e-007
1.33805e-007
1.24251e-007
1.07485e-007
8.22108e-008
4.62796e-008
-2.43222e-009
-6.31458e-008
-1.28452e-007
-1.82486e-007
-2.04156e-007
-1.76864e-007
-1.0198e-007
-7.52103e-009
5.99211e-008
6.46166e-008
8.60019e-009

   Record Number: 1
   Aqu. Duration: 11.9603 ms
     Onset Delay: 0 ms
      No. Points: 292
    No. Averages: 1000
   No. Artifacts: 0
      Start Time: Thu Dec 10 20:15

    SigGen Index: 21
       Variables: 
                  Freq = 8000 Hz
                  Level = 80 dB
                  Atten-A = 10 dB
                  Phase = 270 deg
                  Duration = 5 ms
                  GateTime = 0.5 ms
-1.01479e-007
-1.17179e-007
-1.27383e-007
-1.36012e-007
-1.47784e-007
-1.65833e-007
-1.90599e-007
-2.202e-007
-2.51544e-007
-2.81397e-007
-3.07092e-007
-3.26995e-007
-3.4091e-007
-3.503e-007
-3.57834e-007
-3.65991e-007
-3.75371e-007
-3.84046e-007
-3.88723e-007
-3.86875e-007
-3.7826e-007
-3.65035e-007
-3.50964e-007
-3.40276e-007
-3.35904e-007
-3.36816e-007
-3.35107e-007
-3.1457e-007
-2.52486e-007
-1.25305e-007
8.28292e-008
3.71525e-007
7.19101e-007
1.08364e-006
1.41038e-006
1.64338e-006
1.73794e-006
1.67052e-006
1.44386e-006
1.08618e-006
6.44862e-007
1.76071e-007
-2.66517e-007
-6.40134e-007
-9.15567e-007
-1.07401e-006
-1.10208e-006
-9.91118e-007
-7.44014e-007
-3.86022e-007
2.98258e-008
4.30848e-007
7.45933e-007
9.29742e-007
9.76879e-007
9.19034e-007
8.07597e-007
6.90465e-007
5.92498e-007
5.06779e-007
4.00438e-007
2.33737e-007
-1.54112e-008
-3.33612e-007
-6.70724e-007
-9.563e-007
-1.12525e-006
-1.14015e-006
-1.00124e-006
-7.424e-007
-4.18016e-007
-8.76628e-008
1.9606e-007
3.94487e-007
4.85466e-007
4.63515e-007
3.38986e-007
1.36108e-007
-1.1123e-007
-3.66642e-007
-5.99907e-007
-7.93662e-007
-9.44606e-007
-1.05834e-006
-1.14064e-006
-1.19003e-006
-1.19556e-006
-1.14059e-006
-1.01e-006
-7.97202e-007
-5.08377e-007
-1.63083e-007
2.08489e-007
5.70991e-007
8.9093e-007
1.14327e-006
1.31535e-006
1.40678e-006
1.42571e-006
1.38335e-006
1.28921e-006
1.14888e-006
9.647e-007
7.38677e-007
4.75982e-007
1.87784e-007
-1.07552e-007
-3.85551e-007
-6.19309e-007
-7.85191e-007
-8.68694e-007
-8.68106e-007
-7.94396e-007
-6.67302e-007
-5.09084e-007
-3.38384e-007
-1.66766e-007
6.20016e-010
1.60928e-007
3.08692e-007
4.33406e-007
5.2163e-007
5.62949e-007
5.56357e-007
5.12617e-007
4.50083e-007
3.85683e-007
3.26583e-007
2.68128e-007
1.99417e-007
1.12428e-007
8.49436e-009
-1.01542e-007
-2.0238e-007
-2.80571e-007
-3.28591e-007
-3.45695e-007
-3.3654e-007
-3.09016e-007
-2.72146e-007
-2.3441e-007
-2.02617e-007
-1.81185e-007
-1.71498e-007
-1.71302e-007
-1.74801e-007
-1.74069e-007
-1.61491e-007
-1.32111e-007
-8.49603e-008
-2.3233e-008
4.64072e-008
1.15235e-007
1.74473e-007
2.17376e-007
2.40576e-007
2.44227e-007
2.31122e-007
2.0527e-007
1.70345e-007
1.28567e-007
8.07305e-008
2.76115e-008
-2.82526e-008
-8.20943e-008
-1.28386e-007
-1.63053e-007
-1.84721e-007
-1.94561e-007
-1.95543e-007
-1.91654e-007
-1.867e-007
-1.82418e-007
-1.76846e-007
-1.64557e-007
-1.39332e-007
-9.79947e-008
-4.30923e-008
1.73188e-008
7.27567e-008
1.14453e-007
1.38185e-007
1.44575e-007
1.37482e-007
1.22032e-007
1.0323e-007
8.50316e-008
6.9564e-008
5.66334e-008
4.40246e-008
2.87368e-008
8.70539e-009
-1.58421e-008
-4.21323e-008
-6.57894e-008
-8.23538e-008
-8.8585e-008
-8.32435e-008
-6.74478e-008
-4.45043e-008
-1.88134e-008
6.04147e-009
2.88699e-008
5.07692e-008
7.33032e-008
9.6483e-008
1.18133e-007
1.34823e-007
1.43307e-007
1.41486e-007
1.2884e-007
1.06733e-007
7.86504e-008
4.9919e-008
2.64246e-008
1.24541e-008
8.66491e-009
1.15659e-008
1.52103e-008
1.43086e-008
6.8294e-009
-5.56117e-009
-1.93137e-008
-3.15337e-008
-4.12841e-008
-4.87897e-008
-5.34786e-008
-5.28526e-008
-4.35793e-008
-2.43194e-008
1.90855e-009
2.80992e-008
4.6689e-008
5.37713e-008
5.08772e-008
4.29201e-008
3.40075e-008
2.44674e-008
1.13193e-008
-8.34467e-009
-3.38013e-008
-5.98349e-008
-7.94854e-008
-8.85604e-008
-8.85291e-008
-8.54777e-008
-8.58102e-008
-9.19172e-008
-1.0094e-007
-1.07205e-007
-1.06195e-007
-9.72434e-008
-8.35572e-008
-7.00133e-008
-6.01681e-008
-5.40385e-008
-4.78764e-008
-3.62626e-008
-1.54969e-008
1.37194e-008
4.60579e-008
7.41126e-008
9.23273e-008
9.99285e-008
1.00968e-007
1.01424e-007
1.05363e-007
1.12812e-007
1.20484e-007
1.24285e-007
1.21377e-007
1.10575e-007
9.17008e-008
6.54007e-008
3.40332e-008
2.49037e-009
-2.27221e-008
-3.65005e-008
-3.86775e-008
-3.57186e-008
-3.90464e-008
-6.00663e-008
-1.03473e-007
-1.61574e-007
-2.13014e-007
-2.28825e-007
-1.86044e-007
-8.40599e-008
4.68095e-008
1.56259e-007
2.06228e-007
1.98081e-007

   Record Number: 3
   Aqu. Duration: 11.9603 ms
     Onset Delay: 0 ms
      No. Points: 292
    No. Averages: 570
   No. Artifacts: 0
      Start Time: Thu Dec 10 20:16

    SigGen Index: 23
       Variables: 
                  Freq = 8000 Hz
                  Level = 70 dB
                  Atten-A = 20 dB
                  Phase = 270 deg
                  Duration = 5 ms
                  GateTime = 0.5 ms
-1.85628e-008
1.85761e-008
5.87701e-008
9.23837e-008
1.08765e-007
9.98368e-008
6.43264e-008
1.00641e-008
-4.80535e-008
-9.4335e-008
-1.19619e-007
-1.25321e-007
-1.21708e-007
-1.21508e-007
-1.32736e-007
-1.55035e-007
-1.81428e-007
-2.03939e-007
-2.19177e-007
-2.3033e-007
-2.44606e-007
-2.68034e-007
-3.01036e-007
-3.3767e-007
-3.69041e-007
-3.88547e-007
-3.95295e-007
-3.93351e-007
-3.87477e-007
-3.7809e-007
-3.58047e-007
-3.12576e-007
-2.22796e-007
-7.2468e-008
1.43941e-007
4.15493e-007
7.14354e-007
1.00073e-006
1.23031e-006
1.36149e-006
1.36197e-006
1.21578e-006
9.30027e-007
5.38033e-007
9.50762e-008
-3.33559e-007
-6.87883e-007
-9.25049e-007
-1.02317e-006
-9.77965e-007
-7.97796e-007
-5.02379e-007
-1.25419e-007
2.84233e-007
6.68808e-007
9.7549e-007
1.17124e-006
1.24994e-006
1.22788e-006
1.13112e-006
9.82254e-007
7.93072e-007
5.65065e-007
2.95655e-007
-1.34869e-008
-3.49145e-007
-6.82918e-007
-9.73699e-007
-1.17728e-006
-1.26027e-006
-1.21192e-006
-1.04764e-006
-8.02904e-007
-5.21627e-007
-2.45321e-007
-7.12218e-009
1.69184e-007
2.67799e-007
2.80213e-007
2.06392e-007
5.6814e-008
-1.46887e-007
-3.74388e-007
-5.92332e-007
-7.71523e-007
-8.93046e-007
-9.50822e-007
-9.49547e-007
-8.9907e-007
-8.08068e-007
-6.80174e-007
-5.14356e-007
-3.08852e-007
-6.61356e-008
2.03617e-007
4.81786e-007
7.4344e-007
9.62052e-007
1.11585e-006
1.19356e-006
1.1966e-006
1.13664e-006
1.02985e-006
8.91223e-007
7.31723e-007
5.58532e-007
3.76886e-007
1.91793e-007
8.91895e-009
-1.65152e-007
-3.22882e-007
-4.55841e-007
-5.54961e-007
-6.11187e-007
-6.1684e-007
-5.67819e-007
-4.66083e-007
-3.21089e-007
-1.48998e-007
3.03353e-008
1.97194e-007
3.35041e-007
4.32218e-007
4.82731e-007
4.86649e-007
4.50076e-007
3.84352e-007
3.04199e-007
2.24701e-007
1.57331e-007
1.06205e-007
6.67787e-008
2.86205e-008
-1.87053e-008
-8.00527e-008
-1.52411e-007
-2.26303e-007
-2.89248e-007
-3.29767e-007
-3.41131e-007
-3.2385e-007
-2.85579e-007
-2.38025e-007
-1.92323e-007
-1.55319e-007
-1.28583e-007
-1.10258e-007
-9.82969e-008
-9.28118e-008
-9.57481e-008
-1.0795e-007
-1.25944e-007
-1.41587e-007
-1.45757e-007
-1.33766e-007
-1.08199e-007
-7.66916e-008
-4.63092e-008
-1.90341e-008
8.08441e-009
3.85263e-008
7.15913e-008
1.01429e-007
1.20522e-007
1.2468e-007
1.15698e-007
9.99258e-008
8.39813e-008
7.06966e-008
5.81711e-008
4.25961e-008
2.2637e-008
1.9362e-009
-1.21461e-008
-1.25373e-008
3.54849e-009
3.29441e-008
6.78082e-008
9.87745e-008
1.18054e-007
1.2101e-007
1.06149e-007
7.46383e-008
3.02828e-008
-2.03205e-008
-6.84317e-008
-1.05035e-007
-1.23206e-007
-1.19844e-007
-9.62196e-008
-5.74418e-008
-1.12048e-008
3.39431e-008
7.04544e-008
9.32234e-008
1.00218e-007
9.24062e-008
7.33494e-008
4.85551e-008
2.42666e-008
5.56178e-009
-5.5767e-009
-1.09741e-008
-1.49278e-008
-2.12654e-008
-3.04365e-008
-3.8517e-008
-3.90197e-008
-2.66534e-008
-7.70251e-010
3.36024e-008
6.75483e-008
9.15278e-008
9.84922e-008
8.61396e-008
5.81497e-008
2.37304e-008
-5.48052e-009
-2.06711e-008
-2.03752e-008
-1.07779e-008
-1.06953e-009
2.82126e-009
1.28192e-009
-1.20242e-009
-1.03301e-009
1.32876e-009
2.41102e-009
-5.49089e-010
-6.77376e-009
-1.22875e-008
-1.29166e-008
-7.51355e-009
9.65891e-010
7.23832e-009
6.97044e-009
-7.45359e-010
-1.31935e-008
-2.58339e-008
-3.47464e-008
-3.85969e-008
-3.96103e-008
-4.31106e-008
-5.51837e-008
-7.89079e-008
-1.11119e-007
-1.42171e-007
-1.59602e-007
-1.54065e-007
-1.24326e-007
-7.86345e-008
-3.16894e-008
1.5631e-009
1.25433e-008
2.9237e-009
-1.62507e-008
-2.97905e-008
-2.51781e-008
2.38685e-009
4.86648e-008
1.02592e-007
1.50453e-007
1.80281e-007
1.85284e-007
1.65684e-007
1.28595e-007
8.58245e-008
5.01029e-008
3.0936e-008
3.17082e-008
4.91597e-008
7.51212e-008
9.92796e-008
1.11755e-007
1.05191e-007
7.66663e-008
2.92568e-008
-2.79355e-008
-8.25424e-008
-1.24297e-007
-1.50517e-007
-1.6778e-007
-1.87037e-007
-2.13542e-007
-2.37844e-007
-2.35924e-007
-1.82257e-007
-7.04539e-008
7.28766e-008
1.96886e-007
2.60892e-007
2.65091e-007

   Record Number: 4
   Aqu. Duration: 11.9603 ms
     Onset Delay: 0 ms
      No. Points: 292
    No. Averages: 1000
   No. Artifacts: 0
      Start Time: Thu Dec 10 20:17

    SigGen Index: 25
       Variables: 
                  Freq = 8000 Hz
                  Level = 60 dB
                  Atten-A = 30 dB
                  Phase = 270 deg
                  Duration = 5 ms
                  GateTime = 0.5 ms
-1.32905e-008
-7.45792e-008
-1.28484e-007
-1.69092e-007
-1.95056e-007
-2.08695e-007
-2.14088e-007
-2.15189e-007
-2.14592e-007
-2.13321e-007
-2.1163e-007
-2.10291e-007
-2.11393e-007
-2.17767e-007
-2.31121e-007
-2.50146e-007
-2.70304e-007
-2.85941e-007
-2.93389e-007
-2.92683e-007
-2.86581e-007
-2.77929e-007
-2.67636e-007
-2.54587e-007
-2.37011e-007
-2.13909e-007
-1.85686e-007
-1.54075e-007
-1.21867e-007
-9.264e-008
-7.02393e-008
-5.75273e-008
-5.42727e-008
-5.48738e-008
-4.74527e-008
-1.58683e-008
5.50362e-008
1.72645e-007
3.31429e-007
5.12376e-007
6.87655e-007
8.28351e-007
9.11672e-007
9.24874e-007
8.65441e-007
7.38909e-007
5.56247e-007
3.32203e-007
8.49737e-008
-1.63337e-007
-3.86635e-007
-5.56345e-007
-6.45244e-007
-6.3341e-007
-5.14778e-007
-3.0172e-007
-2.47707e-008
2.73796e-007
5.50768e-007
7.72523e-007
9.2041e-007
9.89269e-007
9.81726e-007
9.03026e-007
7.59609e-007
5.61036e-007
3.22384e-007
6.45263e-008
-1.88281e-007
-4.12305e-007
-5.88319e-007
-7.04873e-007
-7.60318e-007
-7.62767e-007
-7.27313e-007
-6.71045e-007
-6.07979e-007
-5.46382e-007
-4.8955e-007
-4.38954e-007
-3.97397e-007
-3.70162e-007
-3.63564e-007
-3.81791e-007
-4.23746e-007
-4.81467e-007
-5.41033e-007
-5.85806e-007
-6.01016e-007
-5.78069e-007
-5.16831e-007
-4.24652e-007
-3.12277e-007
-1.88686e-007
-5.80092e-008
7.94279e-008
2.22923e-007
3.67649e-007
5.04517e-007
6.23676e-007
7.18704e-007
7.8837e-007
8.35086e-007
8.6157e-007
8.68078e-007
8.51891e-007
8.09152e-007
7.3754e-007
6.37897e-007
5.14104e-007
3.72094e-007
2.1919e-007
6.38694e-008
-8.48482e-008
-2.1873e-007
-3.31629e-007
-4.19667e-007
-4.80127e-007
-5.1001e-007
-5.05658e-007
-4.64276e-007
-3.86884e-007
-2.80924e-007
-1.60443e-007
-4.3036e-008
5.513e-008
1.23568e-007
1.5898e-007
1.63993e-007
1.44762e-007
1.09106e-007
6.55654e-008
2.25013e-008
-1.36927e-008
-4.08915e-008
-6.22724e-008
-8.44065e-008
-1.12721e-007
-1.46965e-007
-1.79773e-007
-1.99466e-007
-1.95475e-007
-1.63299e-007
-1.06576e-007
-3.56967e-008
3.5839e-008
9.53946e-008
1.33926e-007
1.46986e-007
1.34628e-007
1.01125e-007
5.47029e-008
6.57122e-009
-3.15263e-008
-5.08362e-008
-4.84668e-008
-2.78049e-008
3.84447e-009
3.88838e-008
7.20874e-008
1.00929e-007
1.23909e-007
1.3857e-007
1.4103e-007
1.27654e-007
9.78361e-008
5.59277e-008
1.07696e-008
-2.73269e-008
-5.08653e-008
-5.86745e-008
-5.67475e-008
-5.55345e-008
-6.45819e-008
-8.71697e-008
-1.18107e-007
-1.46276e-007
-1.60607e-007
-1.55929e-007
-1.35311e-007
-1.07984e-007
-8.46916e-008
-7.31953e-008
-7.56751e-008
-8.82928e-008
-1.02723e-007
-1.09416e-007
-1.01771e-007
-7.94206e-008
-4.86242e-008
-1.91861e-008
4.6864e-010
7.19339e-009
3.83447e-009
-3.31244e-009
-8.40504e-009
-8.77201e-009
-4.97403e-009
1.24365e-009
9.18083e-009
1.99853e-008
3.58615e-008
5.86144e-008
8.8434e-008
1.23235e-007
1.58589e-007
1.88437e-007
2.06728e-007
2.09556e-007
1.96752e-007
1.71974e-007
1.41229e-007
1.10825e-007
8.59941e-008
7.05152e-008
6.65519e-008
7.38123e-008
8.8356e-008
1.02581e-007
1.07606e-007
9.7457e-008
7.26529e-008
4.05994e-008
1.19957e-008
-4.88919e-009
-8.59892e-009
-4.87355e-009
-3.04727e-009
-1.09177e-008
-3.10895e-008
-6.04666e-008
-9.25597e-008
-1.20821e-007
-1.40998e-007
-1.51507e-007
-1.52318e-007
-1.43866e-007
-1.27259e-007
-1.05599e-007
-8.46606e-008
-7.12922e-008
-6.99251e-008
-7.96878e-008
-9.45359e-008
-1.06533e-007
-1.10057e-007
-1.04168e-007
-9.18863e-008
-7.73784e-008
-6.3359e-008
-5.05185e-008
-3.88431e-008
-2.90661e-008
-2.25743e-008
-1.98062e-008
-1.88123e-008
-1.5594e-008
-6.24505e-009
1.06543e-008
3.31766e-008
5.73711e-008
7.98208e-008
9.95645e-008
1.17977e-007
1.36775e-007
1.55735e-007
1.71831e-007
1.80367e-007
1.77253e-007
1.60963e-007
1.3303e-007
9.70805e-008
5.73719e-008
1.7914e-008
-1.76279e-008
-4.5831e-008
-6.38076e-008
-6.99806e-008
-6.51165e-008
-5.33124e-008
-4.23445e-008
-4.23046e-008
-6.15949e-008
-1.00863e-007
-1.47936e-007
-1.78558e-007
-1.66384e-007
-1.00014e-007
3.37555e-009
1.0244e-007
1.60011e-007
1.71802e-007

   Record Number: 5
   Aqu. Duration: 11.9603 ms
     Onset Delay: 0 ms
      No. Points: 292
    No. Averages: 1000
   No. Artifacts: 0
      Start Time: Thu Dec 10 20:18

    SigGen Index: 27
       Variables: 
                  Freq = 8000 Hz
                  Level = 50 dB
                  Atten-A = 40 dB
                  Phase = 270 deg
                  Duration = 5 ms
                  GateTime = 0.5 ms
2.0439e-008
1.34733e-009
-1.47164e-008
-2.66246e-008
-3.48613e-008
-4.04081e-008
-4.38214e-008
-4.52699e-008
-4.52569e-008
-4.50415e-008
-4.60927e-008
-4.8955e-008
-5.26592e-008
-5.54452e-008
-5.63495e-008
-5.62953e-008
-5.76785e-008
-6.2724e-008
-7.18694e-008
-8.3291e-008
-9.37761e-008
-1.00317e-007
-1.01567e-007
-9.85237e-008
-9.42259e-008
-9.25374e-008
-9.64472e-008
-1.0656e-007
-1.20573e-007
-1.34228e-007
-1.43467e-007
-1.46533e-007
-1.44503e-007
-1.39812e-007
-1.33992e-007
-1.2645e-007
-1.14879e-007
-9.62997e-008
-6.75543e-008
-2.53399e-008
3.31054e-008
1.08086e-007
1.95197e-007
2.84438e-007
3.61728e-007
4.12366e-007
4.24965e-007
3.94217e-007
3.21574e-007
2.1401e-007
8.2152e-008
-6.0763e-008
-1.98844e-007
-3.13716e-007
-3.86375e-007
-4.00768e-007
-3.47657e-007
-2.27456e-007
-5.15987e-008
1.5776e-007
3.70555e-007
5.54808e-007
6.84706e-007
7.47576e-007
7.46258e-007
6.95574e-007
6.14566e-007
5.18082e-007
4.11384e-007
2.90273e-007
1.47017e-007
-2.06122e-008
-2.02326e-007
-3.75116e-007
-5.1089e-007
-5.87993e-007
-6.00146e-007
-5.58102e-007
-4.83869e-007
-4.01411e-007
-3.28899e-007
-2.75714e-007
-2.44069e-007
-2.3256e-007
-2.38773e-007
-2.59875e-007
-2.92122e-007
-3.30576e-007
-3.69308e-007
-4.01705e-007
-4.20857e-007
-4.20498e-007
-3.96467e-007
-3.47758e-007
-2.7622e-007
-1.85356e-007
-7.96717e-008
3.47445e-008
1.49629e-007
2.55721e-007
3.45798e-007
4.17508e-007
4.73637e-007
5.19366e-007
5.58289e-007
5.89683e-007
6.08465e-007
6.07527e-007
5.80958e-007
5.26462e-007
4.46133e-007
3.45809e-007
2.33824e-007
1.19613e-007
1.21579e-008
-8.17513e-008
-1.58893e-007
-2.19708e-007
-2.66685e-007
-3.01737e-007
-3.2422e-007
-3.30908e-007
-3.17903e-007
-2.83156e-007
-2.28125e-007
-1.57958e-007
-8.05189e-008
-4.85379e-009
6.04685e-008
1.08862e-007
1.36753e-007
1.43746e-007
1.31873e-007
1.04456e-007
6.54969e-008
1.99504e-008
-2.58535e-008
-6.49816e-008
-9.22538e-008
-1.06727e-007
-1.12112e-007
-1.14401e-007
-1.18206e-007
-1.24148e-007
-1.28533e-007
-1.25112e-007
-1.08003e-007
-7.46239e-008
-2.74601e-008
2.61258e-008
7.58598e-008
1.11309e-007
1.24427e-007
1.11439e-007
7.39074e-008
1.86875e-008
-4.34764e-008
-1.00417e-007
-1.41299e-007
-1.58951e-007
-1.51417e-007
-1.22457e-007
-8.06481e-008
-3.68967e-008
-9.00967e-010
2.21226e-008
3.28852e-008
3.68336e-008
4.09567e-008
5.04062e-008
6.6683e-008
8.78655e-008
1.10036e-007
1.28816e-007
1.40574e-007
1.43406e-007
1.37772e-007
1.26339e-007
1.12821e-007
1.0035e-007
9.03738e-008
8.2721e-008
7.6563e-008
7.13915e-008
6.7202e-008
6.38282e-008
6.01293e-008
5.38646e-008
4.24883e-008
2.43397e-008
-5.5009e-010
-3.04319e-008
-6.23788e-008
-9.28951e-008
-1.18356e-007
-1.35513e-007
-1.42388e-007
-1.39376e-007
-1.29754e-007
-1.18848e-007
-1.11908e-007
-1.1177e-007
-1.17606e-007
-1.25267e-007
-1.28857e-007
-1.229e-007
-1.0462e-007
-7.56311e-008
-4.20461e-008
-1.23667e-008
6.26322e-009
1.1637e-008
7.79592e-009
3.0268e-009
5.41081e-009
1.83742e-008
3.8832e-008
5.9002e-008
7.07551e-008
6.99613e-008
5.85564e-008
4.3535e-008
3.36258e-008
3.52274e-008
4.92626e-008
7.02949e-008
8.86031e-008
9.47058e-008
8.42378e-008
6.03325e-008
3.19443e-008
9.25402e-009
-8.74545e-010
2.96577e-009
1.71879e-008
3.50413e-008
4.87949e-008
5.20638e-008
4.20953e-008
2.1153e-008
-4.0904e-009
-2.5322e-008
-3.62789e-008
-3.54274e-008
-2.62215e-008
-1.48409e-008
-6.64944e-009
-3.41933e-009
-3.07294e-009
-2.10313e-009
1.18257e-009
5.17396e-009
6.33619e-009
2.1058e-009
-7.19167e-009
-1.8743e-008
-2.91785e-008
-3.6215e-008
-3.89274e-008
-3.70155e-008
-3.02137e-008
-1.85978e-008
-3.47385e-009
1.22375e-008
2.49305e-008
3.22023e-008
3.43373e-008
3.41153e-008
3.47916e-008
3.74106e-008
3.9283e-008
3.50055e-008
1.98773e-008
-6.2436e-009
-3.73781e-008
-6.3681e-008
-7.64083e-008
-7.24467e-008
-5.56187e-008
-3.44402e-008
-1.82909e-008
-1.41067e-008
-2.42254e-008
-4.50508e-008
-6.68449e-008
-7.60109e-008
-6.07549e-008
-1.85164e-008
3.94916e-008
9.2219e-008
1.2251e-007
1.29486e-007

   Record Number: 6
   Aqu. Duration: 11.9603 ms
     Onset Delay: 0 ms
      No. Points: 292
    No. Averages: 1000
   No. Artifacts: 0
      Start Time: Thu Dec 10 20:19

    SigGen Index: 29
       Variables: 
                  Freq = 8000 Hz
                  Level = 40 dB
                  Atten-A = 50 dB
                  Phase = 270 deg
                  Duration = 5 ms
                  GateTime = 0.5 ms
-2.21864e-008
-7.63216e-008
-1.11683e-007
-1.23634e-007
-1.15793e-007
-9.72003e-008
-7.80839e-008
-6.62769e-008
-6.51708e-008
-7.33121e-008
-8.55307e-008
-9.53211e-008
-9.77116e-008
-9.14417e-008
-7.94638e-008
-6.75477e-008
-6.15879e-008
-6.47383e-008
-7.57053e-008
-8.92966e-008
-9.9356e-008
-1.02628e-007
-1.00937e-007
-9.97438e-008
-1.03761e-007
-1.12884e-007
-1.21649e-007
-1.22634e-007
-1.11211e-007
-8.8382e-008
-6.02155e-008
-3.47494e-008
-1.83661e-008
-1.33234e-008
-1.71769e-008
-2.41213e-008
-2.77832e-008
-2.42387e-008
-1.34433e-008
2.00036e-009
1.9763e-008
3.99541e-008
6.48555e-008
9.67459e-008
1.3569e-007
1.78621e-007
2.19747e-007
2.51728e-007
2.6725e-007
2.60781e-007
2.29995e-007
1.76206e-007
1.03665e-007
1.83774e-008
-7.26415e-008
-1.61407e-007
-2.3882e-007
-2.94886e-007
-3.19484e-007
-3.03762e-007
-2.42345e-007
-1.3624e-007
4.64738e-009
1.61282e-007
3.09107e-007
4.25015e-007
4.94615e-007
5.15882e-007
4.97308e-007
4.52188e-007
3.9271e-007
3.26568e-007
2.56461e-007
1.81439e-007
9.92802e-008
9.42788e-009
-8.44434e-008
-1.73884e-007
-2.48053e-007
-2.97978e-007
-3.20166e-007
-3.17546e-007
-2.97569e-007
-2.6903e-007
-2.39633e-007
-2.1535e-007
-2.01045e-007
-2.00763e-007
-2.16542e-007
-2.46343e-007
-2.83078e-007
-3.16322e-007
-3.36257e-007
-3.37577e-007
-3.20929e-007
-2.91141e-007
-2.53506e-007
-2.10469e-007
-1.60599e-007
-1.00258e-007
-2.67319e-008
5.90434e-008
1.51511e-007
2.41645e-007
3.19755e-007
3.78911e-007
4.17461e-007
4.39092e-007
4.50015e-007
4.54826e-007
4.5373e-007
4.42881e-007
4.17271e-007
3.73932e-007
3.1355e-007
2.40018e-007
1.58697e-007
7.44049e-008
-9.95818e-009
-9.34226e-008
-1.75403e-007
-2.53443e-007
-3.21973e-007
-3.73446e-007
-4.01615e-007
-4.0486e-007
-3.87113e-007
-3.55451e-007
-3.15919e-007
-2.70425e-007
-2.16823e-007
-1.52102e-007
-7.65872e-008
3.66886e-009
7.81341e-008
1.36113e-007
1.71359e-007
1.84025e-007
1.79112e-007
1.63122e-007
1.41389e-007
1.17272e-007
9.25989e-008
6.82133e-008
4.42336e-008
2.05703e-008
-1.97431e-009
-2.06984e-008
-3.1237e-008
-2.93951e-008
-1.35639e-008
1.39177e-008
4.74298e-008
8.0349e-008
1.07487e-007
1.26255e-007
1.36105e-007
1.3701e-007
1.284e-007
1.09453e-007
8.0403e-008
4.35858e-008
3.09897e-009
-3.67128e-008
-7.2633e-008
-1.02716e-007
-1.25499e-007
-1.39523e-007
-1.43771e-007
-1.38387e-007
-1.24784e-007
-1.052e-007
-8.23313e-008
-5.92878e-008
-3.93845e-008
-2.54134e-008
-1.87342e-008
-1.88052e-008
-2.34221e-008
-2.94904e-008
-3.39921e-008
-3.48434e-008
-3.14619e-008
-2.49694e-008
-1.78908e-008
-1.313e-008
-1.23544e-008
-1.46984e-008
-1.69551e-008
-1.54168e-008
-7.99558e-009
5.09124e-009
2.23411e-008
4.2248e-008
6.33677e-008
8.33661e-008
9.86267e-008
1.05439e-007
1.02014e-007
8.96359e-008
7.21344e-008
5.42774e-008
4.01513e-008
3.20087e-008
2.96146e-008
3.03732e-008
3.06841e-008
2.8221e-008
2.3653e-008
2.02217e-008
2.10994e-008
2.64034e-008
3.22618e-008
3.27999e-008
2.36283e-008
4.3564e-009
-2.13707e-008
-4.78919e-008
-7.00724e-008
-8.51066e-008
-9.30587e-008
-9.60348e-008
-9.62797e-008
-9.42765e-008
-8.83706e-008
-7.65258e-008
-5.89572e-008
-3.93315e-008
-2.32142e-008
-1.47126e-008
-1.37776e-008
-1.61262e-008
-1.58177e-008
-8.81183e-009
4.61691e-009
1.9994e-008
3.13131e-008
3.48182e-008
3.15512e-008
2.67989e-008
2.66311e-008
3.39685e-008
4.69961e-008
6.07261e-008
7.00527e-008
7.19983e-008
6.61897e-008
5.41332e-008
3.82541e-008
2.12175e-008
5.6641e-009
-5.71436e-009
-1.02168e-008
-6.00444e-009
6.17852e-009
2.17976e-008
3.35763e-008
3.4917e-008
2.35662e-008
2.92845e-009
-1.97319e-008
-3.67465e-008
-4.30928e-008
-3.79417e-008
-2.47341e-008
-1.01369e-008
-1.975e-009
-6.25024e-009
-2.40927e-008
-5.03314e-008
-7.51345e-008
-8.84258e-008
-8.47208e-008
-6.54729e-008
-3.7626e-008
-9.59761e-009
1.26442e-008
2.73154e-008
3.60115e-008
4.14383e-008
4.51784e-008
4.66815e-008
4.3947e-008
3.54305e-008
2.19173e-008
6.98618e-009
-4.51414e-009
-9.23679e-009
-7.56843e-009
-3.47104e-009
-1.42077e-009
-3.00043e-009

   Record Number: 7
   Aqu. Duration: 11.9603 ms
     Onset Delay: 0 ms
      No. Points: 292
    No. Averages: 1000
   No. Artifacts: 0
      Start Time: Thu Dec 10 20:19

    SigGen Index: 30
       Variables: 
                  Freq = 8000 Hz
                  Level = 35 dB
                  Atten-A = 55 dB
                  Phase = 270 deg
                  Duration = 5 ms
                  GateTime = 0.5 ms
1.79872e-007
2.86299e-007
3.66242e-007
4.10214e-007
4.21293e-007
4.10317e-007
3.89201e-007
3.66511e-007
3.46481e-007
3.29912e-007
3.15115e-007
2.98571e-007
2.76003e-007
2.43984e-007
2.01164e-007
1.48347e-007
8.77298e-008
2.22215e-008
-4.46377e-008
-1.08395e-007
-1.63732e-007
-2.05513e-007
-2.30935e-007
-2.41834e-007
-2.45305e-007
-2.51255e-007
-2.6747e-007
-2.94871e-007
-3.26175e-007
-3.49376e-007
-3.5442e-007
-3.39195e-007
-3.11226e-007
-2.8399e-007
-2.70111e-007
-2.75368e-007
-2.96639e-007
-3.24365e-007
-3.47582e-007
-3.58566e-007
-3.54813e-007
-3.37719e-007
-3.09175e-007
-2.68472e-007
-2.11765e-007
-1.3469e-007
-3.6546e-008
7.65854e-008
1.91671e-007
2.91713e-007
3.6078e-007
3.89368e-007
3.78011e-007
3.3715e-007
2.8274e-007
2.2958e-007
1.86198e-007
1.54262e-007
1.32371e-007
1.21044e-007
1.25145e-007
1.52136e-007
2.07549e-007
2.90737e-007
3.9333e-007
5.00968e-007
5.97268e-007
6.68235e-007
7.05551e-007
7.07653e-007
6.78349e-007
6.23635e-007
5.48336e-007
4.54354e-007
3.41442e-007
2.09928e-007
6.37839e-008
-8.76759e-008
-2.30661e-007
-3.50516e-007
-4.36835e-007
-4.87634e-007
-5.1019e-007
-5.17677e-007
-5.23054e-007
-5.3332e-007
-5.47296e-007
-5.58231e-007
-5.59639e-007
-5.50578e-007
-5.36925e-007
-5.28063e-007
-5.31527e-007
-5.48965e-007
-5.75069e-007
-5.99186e-007
-6.0861e-007
-5.9269e-007
-5.46552e-007
-4.72698e-007
-3.79336e-007
-2.76024e-007
-1.69117e-007
-5.97145e-008
5.47531e-008
1.76491e-007
3.03412e-007
4.2757e-007
5.36793e-007
6.18792e-007
6.65974e-007
6.7872e-007
6.65266e-007
6.37856e-007
6.07053e-007
5.77506e-007
5.47683e-007
5.13308e-007
4.71712e-007
4.23994e-007
3.73906e-007
3.24927e-007
2.78025e-007
2.31672e-007
1.83759e-007
1.33777e-007
8.37934e-008
3.78379e-008
2.70313e-010
-2.59761e-008
-4.06714e-008
-4.67531e-008
-4.9656e-008
-5.52834e-008
-6.71604e-008
-8.44006e-008
-1.02218e-007
-1.15177e-007
-1.21286e-007
-1.24213e-007
-1.32012e-007
-1.52957e-007
-1.90824e-007
-2.42388e-007
-2.98657e-007
-3.49147e-007
-3.86528e-007
-4.0888e-007
-4.18602e-007
-4.1947e-007
-4.14176e-007
-4.03693e-007
-3.88115e-007
-3.67724e-007
-3.43264e-007
-3.15298e-007
-2.83446e-007
-2.46466e-007
-2.03206e-007
-1.53328e-007
-9.68605e-008
-3.31996e-008
3.86309e-008
1.17682e-007
1.98263e-007
2.6936e-007
3.17841e-007
3.34368e-007
3.18807e-007
2.81651e-007
2.39898e-007
2.09173e-007
1.9661e-007
1.98843e-007
2.06077e-007
2.09206e-007
2.05273e-007
1.98244e-007
1.95353e-007
2.01934e-007
2.18077e-007
2.38821e-007
2.57079e-007
2.67055e-007
2.66352e-007
2.56373e-007
2.41488e-007
2.2711e-007
2.16607e-007
2.08034e-007
1.93175e-007
1.60971e-007
1.04555e-007
2.7714e-008
-5.40935e-008
-1.20027e-007
-1.54423e-007
-1.55305e-007
-1.35416e-007
-1.14983e-007
-1.10802e-007
-1.28393e-007
-1.61453e-007
-1.97724e-007
-2.26592e-007
-2.43785e-007
-2.5144e-007
-2.55046e-007
-2.59983e-007
-2.69565e-007
-2.84859e-007
-3.05382e-007
-3.29634e-007
-3.55057e-007
-3.77735e-007
-3.92537e-007
-3.94076e-007
-3.78129e-007
-3.42716e-007
-2.88337e-007
-2.17715e-007
-1.35813e-007
-5.01479e-008
2.96044e-008
9.38088e-008
1.36512e-007
1.58471e-007
1.67278e-007
1.73911e-007
1.8732e-007
2.10075e-007
2.3763e-007
2.61614e-007
2.75049e-007
2.76365e-007
2.70064e-007
2.641e-007
2.65753e-007
2.78158e-007
2.98865e-007
3.20754e-007
3.34743e-007
3.33268e-007
3.13311e-007
2.77837e-007
2.34822e-007
1.9378e-007
1.60987e-007
1.35829e-007
1.10836e-007
7.61137e-008
2.60386e-008
-3.58385e-008
-9.71164e-008
-1.42577e-007
-1.62764e-007
-1.59898e-007
-1.47123e-007
-1.41103e-007
-1.52428e-007
-1.79728e-007
-2.11022e-007
-2.31147e-007
-2.30549e-007
-2.10257e-007
-1.80559e-007
-1.54873e-007
-1.42947e-007
-1.47153e-007
-1.62894e-007
-1.81497e-007
-1.93438e-007
-1.91061e-007
-1.70831e-007
-1.3469e-007
-8.92381e-008
-4.22609e-008
1.67266e-009
4.33912e-008
8.7214e-008
1.36131e-007
1.87486e-007
2.32249e-007
2.58477e-007
2.56816e-007
2.2467e-007
1.6687e-007
9.31999e-008
1.49599e-008
-5.81254e-008
-1.21273e-007
-1.76827e-007

   Record Number: 10
   Aqu. Duration: 11.9603 ms
     Onset Delay: 0 ms
      No. Points: 292
    No. Averages: 1000
   No. Artifacts: 0
      Start Time: Thu Dec 10 20:21

    SigGen Index: 31
       Variables: 
                  Freq = 8000 Hz
                  Level = 30 dB
                  Atten-A = 60 dB
                  Phase = 270 deg
                  Duration = 5 ms
                  GateTime = 0.5 ms
4.89443e-008
7.56601e-008
9.70581e-008
1.06304e-007
1.00735e-007
8.39384e-008
6.47746e-008
5.32052e-008
5.5007e-008
6.87254e-008
8.68692e-008
1.00224e-007
1.02133e-007
9.04461e-008
6.71805e-008
3.72512e-008
7.07153e-009
-1.72692e-008
-3.24202e-008
-3.96433e-008
-4.42635e-008
-5.21386e-008
-6.52568e-008
-7.99805e-008
-8.97558e-008
-9.04055e-008
-8.37002e-008
-7.61782e-008
-7.4199e-008
-7.93667e-008
-8.79778e-008
-9.46621e-008
-9.70838e-008
-9.79772e-008
-1.02942e-007
-1.15545e-007
-1.33317e-007
-1.47852e-007
-1.49331e-007
-1.32529e-007
-1.00162e-007
-6.14236e-008
-2.6848e-008
-2.74449e-009
1.17807e-008
2.38855e-008
4.27286e-008
7.39955e-008
1.1606e-007
1.60016e-007
1.93694e-007
2.07253e-007
1.97031e-007
1.65823e-007
1.20364e-007
6.83208e-008
1.64138e-008
-3.03377e-008
-6.90816e-008
-9.95378e-008
-1.23614e-007
-1.43551e-007
-1.59082e-007
-1.6533e-007
-1.53354e-007
-1.13948e-007
-4.32853e-008
5.26915e-008
1.5817e-007
2.5262e-007
3.1896e-007
3.50231e-007
3.50902e-007
3.32317e-007
3.05499e-007
2.75646e-007
2.40939e-007
1.95465e-007
1.3418e-007
5.72786e-008
-2.81934e-008
-1.10336e-007
-1.77008e-007
-2.20569e-007
-2.40242e-007
-2.41175e-007
-2.31222e-007
-2.17415e-007
-2.03749e-007
-1.90967e-007
-1.78177e-007
-1.6533e-007
-1.5493e-007
-1.51562e-007
-1.59143e-007
-1.77679e-007
-2.01936e-007
-2.23163e-007
-2.32811e-007
-2.25884e-007
-2.02161e-007
-1.65075e-007
-1.19284e-007
-6.83454e-008
-1.36276e-008
4.50276e-008
1.07417e-007
1.71222e-007
2.3172e-007
2.83207e-007
3.21184e-007
3.44043e-007
3.53416e-007
3.53047e-007
3.46771e-007
3.36744e-007
3.22986e-007
3.04233e-007
2.78967e-007
2.45557e-007
2.01834e-007
1.45458e-007
7.57314e-008
-4.28618e-009
-8.73027e-008
-1.63713e-007
-2.24843e-007
-2.65856e-007
-2.87171e-007
-2.93725e-007
-2.92015e-007
-2.86104e-007
-2.75178e-007
-2.54698e-007
-2.20625e-007
-1.73616e-007
-1.20013e-007
-6.89227e-008
-2.76334e-008
1.36176e-009
2.0042e-008
3.21719e-008
4.06288e-008
4.63937e-008
4.90909e-008
4.79661e-008
4.25078e-008
3.25976e-008
1.83178e-008
-3.55853e-010
-2.34396e-008
-4.99341e-008
-7.64028e-008
-9.66189e-008
-1.03379e-007
-9.17376e-008
-6.14374e-008
-1.68786e-008
3.48608e-008
8.61126e-008
1.29746e-007
1.59859e-007
1.72848e-007
1.6862e-007
1.50846e-007
1.25689e-007
9.96102e-008
7.75094e-008
6.20234e-008
5.38532e-008
5.22615e-008
5.50811e-008
5.84717e-008
5.73513e-008
4.70889e-008
2.58373e-008
-4.06939e-009
-3.68649e-008
-6.59001e-008
-8.63085e-008
-9.62478e-008
-9.64972e-008
-8.93153e-008
-7.75207e-008
-6.40613e-008
-5.17103e-008
-4.24764e-008
-3.68079e-008
-3.32083e-008
-2.88207e-008
-2.08051e-008
-7.6239e-009
1.05113e-008
3.19683e-008
5.4189e-008
7.39982e-008
8.79417e-008
9.30194e-008
8.77489e-008
7.2978e-008
5.1775e-008
2.82337e-008
5.81881e-009
-1.37092e-008
-3.01378e-008
-4.37393e-008
-5.43257e-008
-6.12414e-008
-6.42027e-008
-6.41477e-008
-6.32816e-008
-6.41299e-008
-6.80659e-008
-7.41375e-008
-7.90446e-008
-7.86716e-008
-7.06097e-008
-5.61232e-008
-3.99639e-008
-2.77482e-008
-2.24294e-008
-2.22402e-008
-2.16467e-008
-1.48652e-008
3.59836e-010
2.13251e-008
4.2179e-008
5.73978e-008
6.43613e-008
6.37449e-008
5.84491e-008
5.24076e-008
4.96192e-008
5.28203e-008
6.17356e-008
7.21863e-008
7.75693e-008
7.25415e-008
5.66187e-008
3.50084e-008
1.58803e-008
5.81729e-009
6.3574e-009
1.36354e-008
2.10918e-008
2.34633e-008
1.96805e-008
1.30321e-008
8.61105e-009
9.7307e-009
1.56235e-008
2.18471e-008
2.30502e-008
1.62605e-008
2.62362e-009
-1.33637e-008
-2.64676e-008
-3.35496e-008
-3.51099e-008
-3.48556e-008
-3.76043e-008
-4.6642e-008
-6.19044e-008
-7.9832e-008
-9.48188e-008
-1.01485e-007
-9.68148e-008
-8.13599e-008
-5.90721e-008
-3.58639e-008
-1.74913e-008
-7.52484e-009
-6.02812e-009
-9.3669e-009
-1.14111e-008
-6.01514e-009
1.00854e-008
3.54545e-008
6.43871e-008
8.94164e-008
1.04411e-007
1.06621e-007
9.69502e-008
7.87953e-008
5.62871e-008
3.2739e-008
9.89733e-009
-1.17859e-008
-3.21966e-008
-5.08358e-008
-6.72348e-008
-8.19508e-008

   Record Number: 12
   Aqu. Duration: 11.9603 ms
     Onset Delay: 0 ms
      No. Points: 292
    No. Averages: 1000
   No. Artifacts: 0
      Start Time: Thu Dec 10 20:23

    SigGen Index: 32
       Variables: 
                  Freq = 8000 Hz
                  Level = 25 dB
                  Atten-A = 65 dB
                  Phase = 270 deg
                  Duration = 5 ms
                  GateTime = 0.5 ms
2.0292e-007
2.81313e-007
3.19882e-007
3.15653e-007
2.79652e-007
2.28862e-007
1.7787e-007
1.34904e-007
1.02706e-007
8.15781e-008
7.15056e-008
7.20072e-008
8.05797e-008
9.16934e-008
9.77957e-008
9.21556e-008
7.19065e-008
3.94236e-008
1.2136e-009
-3.50932e-008
-6.41587e-008
-8.51872e-008
-1.02058e-007
-1.21318e-007
-1.48785e-007
-1.86008e-007
-2.2814e-007
-2.64749e-007
-2.83976e-007
-2.78395e-007
-2.49313e-007
-2.06758e-007
-1.64865e-007
-1.35285e-007
-1.2245e-007
-1.23092e-007
-1.2952e-007
-1.34093e-007
-1.3234e-007
-1.23668e-007
-1.10045e-007
-9.38501e-008
-7.62323e-008
-5.67711e-008
-3.4343e-008
-8.3185e-009
2.08022e-008
5.15952e-008
8.24603e-008
1.1251e-007
1.42253e-007
1.7354e-007
2.08214e-007
2.4583e-007
2.81973e-007
3.08861e-007
3.18333e-007
3.05547e-007
2.71256e-007
2.21476e-007
1.64836e-007
1.09011e-007
5.81316e-008
1.27421e-008
-2.7578e-008
-6.06925e-008
-8.01748e-008
-7.71419e-008
-4.52459e-008
1.37725e-008
8.75415e-008
1.56077e-007
1.99861e-007
2.08917e-007
1.874e-007
1.50591e-007
1.16034e-007
9.43592e-008
8.51168e-008
7.91605e-008
6.49272e-008
3.42714e-008
-1.4991e-008
-7.97544e-008
-1.53464e-007
-2.27392e-007
-2.91485e-007
-3.3614e-007
-3.55371e-007
-3.49745e-007
-3.26575e-007
-2.96582e-007
-2.69026e-007
-2.48602e-007
-2.35818e-007
-2.29578e-007
-2.29092e-007
-2.33421e-007
-2.39645e-007
-2.42166e-007
-2.34552e-007
-2.12843e-007
-1.77724e-007
-1.33941e-007
-8.76125e-008
-4.34957e-008
-3.66324e-009
3.25023e-008
6.78119e-008
1.06561e-007
1.53247e-007
2.10602e-007
2.77735e-007
3.49533e-007
4.17864e-007
4.74016e-007
5.11208e-007
5.26192e-007
5.19562e-007
4.94813e-007
4.56506e-007
4.0827e-007
3.51649e-007
2.86583e-007
2.13346e-007
1.34638e-007
5.60624e-008
-1.58455e-008
-7.69065e-008
-1.27337e-007
-1.70672e-007
-2.10271e-007
-2.46208e-007
-2.74952e-007
-2.91784e-007
-2.93778e-007
-2.81243e-007
-2.5729e-007
-2.26693e-007
-1.95049e-007
-1.68064e-007
-1.50227e-007
-1.42952e-007
-1.434e-007
-1.45387e-007
-1.42384e-007
-1.30999e-007
-1.12816e-007
-9.34979e-008
-7.97126e-008
-7.56515e-008
-8.10655e-008
-9.17703e-008
-1.01972e-007
-1.06649e-007
-1.02648e-007
-8.87146e-008
-6.55752e-008
-3.63638e-008
-6.31234e-009
1.92772e-008
3.80442e-008
5.23614e-008
6.81297e-008
9.08711e-008
1.21544e-007
1.55119e-007
1.83389e-007
2.0051e-007
2.07366e-007
2.11328e-007
2.21164e-007
2.40476e-007
2.64157e-007
2.80292e-007
2.76428e-007
2.464e-007
1.93689e-007
1.29494e-007
6.70904e-008
1.6154e-008
-1.98096e-008
-4.24177e-008
-5.55421e-008
-6.28509e-008
-6.68101e-008
-6.88814e-008
-7.01851e-008
-7.20784e-008
-7.62916e-008
-8.43417e-008
-9.63144e-008
-1.09789e-007
-1.2001e-007
-1.2173e-007
-1.11905e-007
-9.1679e-008
-6.65517e-008
-4.46063e-008
-3.34316e-008
-3.68761e-008
-5.30713e-008
-7.49484e-008
-9.33184e-008
-1.00978e-007
-9.55506e-008
-7.96773e-008
-5.903e-008
-3.97608e-008
-2.66826e-008
-2.24093e-008
-2.7115e-008
-3.87141e-008
-5.35143e-008
-6.72771e-008
-7.63803e-008
-7.87453e-008
-7.43439e-008
-6.51458e-008
-5.43489e-008
-4.49719e-008
-3.84261e-008
-3.3972e-008
-2.94373e-008
-2.2486e-008
-1.12099e-008
6.31817e-009
3.23673e-008
6.82301e-008
1.11432e-007
1.53908e-007
1.83848e-007
1.91349e-007
1.74603e-007
1.42244e-007
1.09791e-007
9.20265e-008
9.57864e-008
1.17138e-007
1.44123e-007
1.6316e-007
1.65475e-007
1.50272e-007
1.23324e-007
9.24078e-008
6.27483e-008
3.52076e-008
7.78607e-009
-2.11141e-008
-5.00198e-008
-7.40093e-008
-8.68705e-008
-8.45698e-008
-6.81105e-008
-4.42475e-008
-2.36102e-008
-1.68925e-008
-3.05687e-008
-6.38838e-008
-1.08429e-007
-1.50575e-007
-1.76016e-007
-1.75029e-007
-1.46665e-007
-9.98847e-008
-5.03795e-008
-1.39342e-008
3.90392e-010
-6.50871e-009
-2.56319e-008
-4.50863e-008
-5.53616e-008
-5.22679e-008
-3.70524e-008
-1.45933e-008
9.01231e-009
2.84324e-008
4.02662e-008
4.36251e-008
4.05009e-008
3.58071e-008
3.63707e-008
4.81991e-008
7.24247e-008
1.01985e-007
1.22086e-007
1.16435e-007
7.75151e-008
1.44532e-008
-4.97761e-008
-9.4412e-008
-1.16727e-007

