ABR Group Header  ==================================
    Group Number: 0
         Records: 6
  SigGen File #1: Click_NH
  SigGen File #2: 
      Subject ID: 210108C3-F2
    Reference #1: 20210210
    Reference #2: female
            Memo: D-L_CLK_MF1B_10cm Std
      Start Time: Wed Feb 10 15:32
        End Time: Fri Mar 02 17:18
----------------------------------------------------

   Record Number: 0
   Aqu. Duration: 11.9603 ms
     Onset Delay: 0 ms
      No. Points: 292
    No. Averages: 532
   No. Artifacts: 0
      Start Time: Wed Feb 10 15:32

    SigGen Index: 1
       Variables: 
                  Level = 90 dB
                  Duration = 0.1 ms
                  Phase = 1 
                  Atten-A = 0 dB
1.87724e-007
1.9292e-007
1.37333e-007
2.81263e-008
-9.86298e-008
-1.92551e-007
-2.14176e-007
-1.56819e-007
-5.12795e-008
5.08158e-008
1.0517e-007
9.6687e-008
4.24673e-008
-2.30259e-008
-6.88091e-008
-8.15138e-008
-6.6994e-008
-4.17785e-008
-2.14579e-008
-1.3083e-008
-1.48315e-008
-2.10395e-008
-2.75425e-008
-3.32351e-008
-3.77022e-008
-3.83317e-008
-3.0618e-008
-1.22329e-008
1.24757e-008
3.20378e-008
3.30607e-008
8.17283e-009
-3.85083e-008
-9.21669e-008
-1.3427e-007
-1.51906e-007
-1.4407e-007
-1.21064e-007
-9.73767e-008
-8.2521e-008
-7.58032e-008
-6.85195e-008
-5.19794e-008
-2.52869e-008
3.41226e-009
2.35722e-008
3.16134e-008
3.52975e-008
4.90874e-008
8.33805e-008
1.35296e-007
1.87995e-007
2.19827e-007
2.17649e-007
1.8547e-007
1.4245e-007
1.11422e-007
1.05197e-007
1.19179e-007
1.34832e-007
1.31919e-007
1.01871e-007
5.36571e-008
8.13797e-009
-1.53974e-008
-1.13411e-008
9.74354e-009
2.96604e-008
3.56262e-008
2.8224e-008
1.88522e-008
1.93989e-008
3.23193e-008
4.80221e-008
5.05889e-008
2.75184e-008
-2.25273e-008
-8.82733e-008
-1.51277e-007
-1.95073e-007
-2.12922e-007
-2.09937e-007
-1.98355e-007
-1.88639e-007
-1.82313e-007
-1.72083e-007
-1.49598e-007
-1.14772e-007
-7.87828e-008
-5.78138e-008
-6.17872e-008
-8.61268e-008
-1.12692e-007
-1.19994e-007
-9.64508e-008
-4.79168e-008
5.79651e-009
4.32982e-008
5.46539e-008
4.64564e-008
3.58931e-008
3.83468e-008
5.72869e-008
8.31206e-008
1.01049e-007
1.01873e-007
8.82289e-008
7.23351e-008
6.71371e-008
7.70852e-008
9.48748e-008
1.06257e-007
9.94753e-008
7.30791e-008
3.75231e-008
1.00322e-008
5.72221e-009
2.93898e-008
7.20065e-008
1.14084e-007
1.34931e-007
1.2341e-007
8.41509e-008
3.49519e-008
-3.78647e-009
-2.1157e-008
-2.118e-008
-1.77174e-008
-2.26894e-008
-3.63617e-008
-4.67588e-008
-3.85327e-008
-5.04165e-009
4.46871e-008
8.90628e-008
1.05661e-007
8.46612e-008
3.5652e-008
-1.70635e-008
-4.86804e-008
-4.9011e-008
-2.83375e-008
-9.76033e-009
-1.34857e-008
-4.4068e-008
-8.86804e-008
-1.26313e-007
-1.41105e-007
-1.31547e-007
-1.10524e-007
-9.671e-008
-1.02748e-007
-1.27396e-007
-1.56295e-007
-1.70844e-007
-1.59713e-007
-1.25705e-007
-8.3295e-008
-4.82839e-008
-2.67502e-008
-1.12966e-008
1.2571e-008
5.45574e-008
1.10885e-007
1.65177e-007
1.98421e-007
2.01134e-007
1.79577e-007
1.52142e-007
1.38449e-007
1.47924e-007
1.74549e-007
2.007e-007
2.07755e-007
1.87229e-007
1.45747e-007
1.00721e-007
6.92655e-008
5.72249e-008
5.54601e-008
4.61723e-008
1.54504e-008
-3.63294e-008
-9.373e-008
-1.36236e-007
-1.52272e-007
-1.47019e-007
-1.37876e-007
-1.4074e-007
-1.57488e-007
-1.74266e-007
-1.72035e-007
-1.41573e-007
-9.19281e-008
-4.60376e-008
-2.63405e-008
-4.01742e-008
-7.48877e-008
-1.05857e-007
-1.11821e-007
-8.73962e-008
-4.52517e-008
-7.61534e-009
6.78738e-009
-7.45201e-009
-4.0731e-008
-7.4785e-008
-9.29592e-008
-8.87412e-008
-6.81465e-008
-4.50106e-008
-3.23415e-008
-3.51859e-008
-4.91664e-008
-6.46616e-008
-7.27387e-008
-6.84684e-008
-5.02606e-008
-1.75359e-008
2.98193e-008
8.90418e-008
1.51579e-007
2.03682e-007
2.32116e-007
2.31916e-007
2.10399e-007
1.83611e-007
1.6675e-007
1.64763e-007
1.69629e-007
1.6647e-007
1.44486e-007
1.05077e-007
6.13726e-008
2.9565e-008
1.84279e-008
2.44267e-008
3.53919e-008
3.94465e-008
3.26085e-008
2.0176e-008
1.16942e-008
1.34478e-008
2.35717e-008
3.28271e-008
3.03406e-008
1.04993e-008
-2.33552e-008
-6.06084e-008
-8.93209e-008
-1.02955e-007
-1.0395e-007
-1.01798e-007
-1.06382e-007
-1.20641e-007
-1.37774e-007
-1.45632e-007
-1.35851e-007
-1.11289e-007
-8.59576e-008
-7.66214e-008
-9.1279e-008
-1.22516e-007
-1.50917e-007
-1.56865e-007
-1.32878e-007
-8.80147e-008
-4.14056e-008
-9.46488e-009
4.63662e-009
1.25064e-008
3.2372e-008
7.65964e-008
1.42702e-007
2.13457e-007
2.66068e-007
2.84799e-007
2.68783e-007
2.29651e-007
1.80704e-007
1.25956e-007
5.79532e-008
-3.30403e-008
-1.44582e-007
-2.53122e-007
-3.1911e-007
-3.06589e-007
-2.07822e-007
-5.6366e-008
8.65913e-008
1.72418e-007
1.98413e-007

   Record Number: 1
   Aqu. Duration: 11.9603 ms
     Onset Delay: 0 ms
      No. Points: 292
    No. Averages: 548
   No. Artifacts: 0
      Start Time: Wed Feb 10 15:32

    SigGen Index: 3
       Variables: 
                  Level = 80 dB
                  Duration = 0.1 ms
                  Phase = 1 
                  Atten-A = 10 dB
-6.63792e-008
-1.07849e-007
-1.22674e-007
-1.08066e-007
-7.58257e-008
-4.64292e-008
-3.73284e-008
-5.26242e-008
-8.05691e-008
-1.00431e-007
-9.47226e-008
-5.98796e-008
-9.34492e-009
3.30515e-008
4.63448e-008
2.5099e-008
-1.63902e-008
-5.18785e-008
-5.88219e-008
-3.20356e-008
1.35371e-008
5.25675e-008
6.50307e-008
4.78547e-008
1.55304e-008
-1.03095e-008
-1.55269e-008
-2.87651e-009
9.92381e-009
2.16295e-009
-3.56521e-008
-9.4547e-008
-1.51582e-007
-1.83502e-007
-1.81024e-007
-1.54557e-007
-1.27304e-007
-1.19808e-007
-1.35782e-007
-1.58724e-007
-1.62132e-007
-1.27258e-007
-5.69457e-008
2.39653e-008
8.27647e-008
9.89387e-008
7.72234e-008
4.48723e-008
3.45734e-008
6.38444e-008
1.24026e-007
1.8576e-007
2.17309e-007
2.04122e-007
1.5751e-007
1.0736e-007
8.37277e-008
9.8836e-008
1.40394e-007
1.79859e-007
1.9008e-007
1.61362e-007
1.06471e-007
5.2073e-008
2.22348e-008
2.41411e-008
4.46098e-008
5.92386e-008
4.82486e-008
9.11448e-009
-4.16537e-008
-7.83389e-008
-8.12158e-008
-4.79198e-008
5.63725e-009
5.4998e-008
8.13191e-008
8.13008e-008
6.71545e-008
5.71336e-008
6.28703e-008
8.16491e-008
9.86148e-008
9.73148e-008
7.1167e-008
2.78932e-008
-1.57166e-008
-4.44712e-008
-5.35421e-008
-5.02241e-008
-4.85735e-008
-6.08749e-008
-9.09308e-008
-1.32347e-007
-1.72025e-007
-1.96718e-007
-1.99458e-007
-1.82798e-007
-1.57278e-007
-1.36012e-007
-1.28393e-007
-1.36155e-007
-1.53414e-007
-1.70214e-007
-1.77759e-007
-1.72982e-007
-1.60366e-007
-1.49631e-007
-1.49616e-007
-1.61089e-007
-1.73283e-007
-1.68039e-007
-1.30767e-007
-6.17823e-008
2.02336e-008
8.65591e-008
1.14527e-007
1.01393e-007
6.65164e-008
3.96748e-008
4.26736e-008
7.60502e-008
1.19364e-007
1.44713e-007
1.34745e-007
9.37559e-008
4.50082e-008
1.62388e-008
2.28076e-008
5.92008e-008
1.03954e-007
1.34328e-007
1.40972e-007
1.33121e-007
1.3122e-007
1.52089e-007
1.96593e-007
2.47974e-007
2.81838e-007
2.81144e-007
2.46418e-007
1.94675e-007
1.47871e-007
1.18484e-007
1.01797e-007
8.01381e-008
3.63272e-008
-3.27476e-008
-1.11681e-007
-1.74473e-007
-2.00005e-007
-1.85287e-007
-1.4783e-007
-1.15231e-007
-1.08306e-007
-1.28429e-007
-1.57046e-007
-1.67536e-007
-1.42045e-007
-8.3031e-008
-1.25603e-008
4.02603e-008
5.62053e-008
3.70304e-008
3.94439e-009
-1.59034e-008
-6.88587e-009
2.47306e-008
5.46618e-008
5.67481e-008
2.09441e-008
-3.88216e-008
-9.23449e-008
-1.11696e-007
-8.87966e-008
-4.06341e-008
1.3391e-009
1.07491e-008
-1.77772e-008
-6.61425e-008
-1.04769e-007
-1.11109e-007
-8.30203e-008
-3.89082e-008
-5.12844e-009
7.45855e-010
-1.99077e-008
-4.89477e-008
-6.37604e-008
-5.15438e-008
-1.68619e-008
2.18116e-008
4.41683e-008
4.13011e-008
2.18991e-008
7.12919e-009
1.66449e-008
5.42118e-008
1.0287e-007
1.34257e-007
1.27167e-007
8.30774e-008
2.72987e-008
-6.31948e-009
2.40455e-009
4.58551e-008
9.26212e-008
1.07509e-007
7.45019e-008
7.53733e-009
-5.78875e-008
-8.67601e-008
-6.62296e-008
-1.35235e-008
3.46359e-008
4.46852e-008
7.25725e-009
-5.62921e-008
-1.06191e-007
-1.08253e-007
-5.50816e-008
2.85997e-008
1.00054e-007
1.23807e-007
9.27101e-008
3.16333e-008
-1.87724e-008
-2.81959e-008
3.93922e-009
4.84581e-008
6.60511e-008
3.37136e-008
-3.96208e-008
-1.18627e-007
-1.6421e-007
-1.57736e-007
-1.11069e-007
-5.67211e-008
-2.58198e-008
-2.89652e-008
-5.21394e-008
-6.89902e-008
-6.00128e-008
-2.55349e-008
1.54529e-008
3.90076e-008
3.31059e-008
6.60804e-009
-1.56872e-008
-9.01412e-009
3.45138e-008
9.91067e-008
1.53134e-007
1.67015e-007
1.30499e-007
5.91493e-008
-1.37954e-008
-5.54864e-008
-5.10295e-008
-1.0406e-008
3.90243e-008
6.95184e-008
6.89324e-008
4.62442e-008
2.39683e-008
2.27861e-008
4.80463e-008
8.6242e-008
1.13247e-007
1.08814e-007
6.82539e-008
4.5874e-009
-5.9291e-008
-1.03203e-007
-1.19749e-007
-1.16532e-007
-1.09771e-007
-1.13306e-007
-1.2959e-007
-1.48087e-007
-1.51946e-007
-1.28614e-007
-7.77637e-008
-1.20131e-008
4.93675e-008
8.97119e-008
1.022e-007
9.16827e-008
7.0555e-008
5.12443e-008
3.98992e-008
3.54196e-008

   Record Number: 2
   Aqu. Duration: 11.9603 ms
     Onset Delay: 0 ms
      No. Points: 292
    No. Averages: 558
   No. Artifacts: 0
      Start Time: Wed Feb 10 15:33

    SigGen Index: 5
       Variables: 
                  Level = 70 dB
                  Duration = 0.1 ms
                  Phase = 1 
                  Atten-A = 20 dB
1.88445e-007
1.52221e-007
9.73341e-008
3.36224e-008
-2.61428e-008
-7.20389e-008
-1.01515e-007
-1.1992e-007
-1.36651e-007
-1.59201e-007
-1.8851e-007
-2.18178e-007
-2.37888e-007
-2.39192e-007
-2.20333e-007
-1.87078e-007
-1.48936e-007
-1.13236e-007
-8.11822e-008
-4.86784e-008
-1.14397e-008
2.94164e-008
6.58287e-008
8.69619e-008
8.62169e-008
6.58562e-008
3.58582e-008
7.90497e-009
-1.12857e-008
-2.28483e-008
-3.31601e-008
-4.78866e-008
-6.71977e-008
-8.56185e-008
-9.62729e-008
-9.61008e-008
-8.84031e-008
-8.13158e-008
-8.32708e-008
-9.77669e-008
-1.20007e-007
-1.37579e-007
-1.35938e-007
-1.06709e-007
-5.40129e-008
5.97295e-009
5.30042e-008
7.37056e-008
6.85878e-008
5.10682e-008
3.96492e-008
4.80629e-008
7.85457e-008
1.21269e-007
1.59776e-007
1.79354e-007
1.73863e-007
1.47524e-007
1.11176e-007
7.57291e-008
4.70215e-008
2.48603e-008
5.9822e-009
-1.16937e-008
-2.64381e-008
-3.33233e-008
-2.7734e-008
-9.52774e-009
1.52648e-008
3.70471e-008
4.83847e-008
4.90417e-008
4.65668e-008
5.15687e-008
7.04414e-008
1.00102e-007
1.28282e-007
1.39773e-007
1.25398e-007
8.83094e-008
4.33419e-008
9.41294e-009
-3.28499e-010
1.54826e-008
4.73641e-008
8.12421e-008
1.05584e-007
1.15562e-007
1.12938e-007
1.02746e-007
8.91353e-008
7.29062e-008
5.20844e-008
2.45918e-008
-9.52975e-009
-4.81288e-008
-8.85802e-008
-1.29013e-007
-1.67944e-007
-2.02954e-007
-2.29987e-007
-2.44299e-007
-2.42805e-007
-2.26474e-007
-2.01192e-007
-1.7633e-007
-1.61378e-007
-1.61925e-007
-1.76743e-007
-1.97777e-007
-2.13642e-007
-2.15045e-007
-1.99046e-007
-1.69662e-007
-1.34703e-007
-1.00997e-007
-7.10059e-008
-4.28258e-008
-1.31313e-008
1.93477e-008
5.23185e-008
8.11532e-008
1.01703e-007
1.12665e-007
1.15938e-007
1.14951e-007
1.12561e-007
1.1025e-007
1.08854e-007
1.0968e-007
1.14877e-007
1.26893e-007
1.47301e-007
1.75213e-007
2.05764e-007
2.30055e-007
2.38154e-007
2.24831e-007
1.94462e-007
1.60501e-007
1.3832e-007
1.35671e-007
1.47472e-007
1.58779e-007
1.54221e-007
1.27899e-007
8.74315e-008
4.94551e-008
2.93734e-008
3.17849e-008
4.74128e-008
5.81272e-008
4.68103e-008
6.32487e-009
-5.71159e-008
-1.27359e-007
-1.86134e-007
-2.2126e-007
-2.31554e-007
-2.26145e-007
-2.18291e-007
-2.16826e-007
-2.20448e-007
-2.1888e-007
-2.00543e-007
-1.61715e-007
-1.10713e-007
-6.38018e-008
-3.52641e-008
-2.84044e-008
-3.39191e-008
-3.69886e-008
-2.81515e-008
-1.01526e-008
4.21247e-009
1.78918e-009
-2.04449e-008
-5.13198e-008
-7.09112e-008
-6.26389e-008
-2.48891e-008
2.53903e-008
6.05349e-008
5.7925e-008
1.44631e-008
-4.97281e-008
-1.01808e-007
-1.15216e-007
-8.52146e-008
-3.04883e-008
2.05172e-008
4.90491e-008
5.7596e-008
6.57017e-008
9.36442e-008
1.45906e-007
2.05872e-007
2.45117e-007
2.41017e-007
1.91475e-007
1.17481e-007
5.16666e-008
1.95055e-008
2.47378e-008
4.82944e-008
6.15005e-008
4.50273e-008
1.33757e-009
-4.73661e-008
-7.43223e-008
-6.65575e-008
-3.40796e-008
-3.42717e-009
3.53215e-010
-2.88342e-008
-7.31495e-008
-1.01828e-007
-9.09967e-008
-3.92868e-008
3.08441e-008
8.67437e-008
1.05265e-007
8.61865e-008
5.12865e-008
2.99501e-008
4.04304e-008
7.85365e-008
1.20779e-007
1.39584e-007
1.2032e-007
6.89489e-008
5.83148e-009
-4.92015e-008
-8.94883e-008
-1.22894e-007
-1.61522e-007
-2.08248e-007
-2.50853e-007
-2.68706e-007
-2.47492e-007
-1.91322e-007
-1.22978e-007
-7.11398e-008
-5.27447e-008
-6.24284e-008
-7.62587e-008
-6.73162e-008
-2.29678e-008
4.7031e-008
1.16311e-007
1.57532e-007
1.58129e-007
1.26825e-007
8.76424e-008
6.55679e-008
7.2599e-008
1.02131e-007
1.34459e-007
1.49533e-007
1.38878e-007
1.09379e-007
7.70416e-008
5.54285e-008
4.67273e-008
4.13166e-008
2.5802e-008
-6.23391e-009
-4.83758e-008
-8.47763e-008
-1.00789e-007
-9.34871e-008
-7.43966e-008
-6.20935e-008
-6.96362e-008
-9.55671e-008
-1.24584e-007
-1.37104e-007
-1.21069e-007
-7.84231e-008
-2.28245e-008
2.91306e-008
6.71957e-008
9.14606e-008
1.08639e-007
1.23268e-007
1.30543e-007
1.17673e-007
7.49901e-008
8.92693e-009
-5.65922e-008
-9.74725e-008
-1.09867e-007

   Record Number: 3
   Aqu. Duration: 11.9603 ms
     Onset Delay: 0 ms
      No. Points: 292
    No. Averages: 514
   No. Artifacts: 0
      Start Time: Wed Feb 10 15:33

    SigGen Index: 7
       Variables: 
                  Level = 60 dB
                  Duration = 0.1 ms
                  Phase = 1 
                  Atten-A = 30 dB
1.57544e-007
2.64861e-007
3.28067e-007
3.23417e-007
2.59185e-007
1.74622e-007
1.18844e-007
1.2111e-007
1.71415e-007
2.24939e-007
2.28891e-007
1.55842e-007
2.28673e-008
-1.16077e-007
-2.00819e-007
-2.00369e-007
-1.31345e-007
-4.79402e-008
-9.32025e-009
-4.41779e-008
-1.34162e-007
-2.2653e-007
-2.67995e-007
-2.38067e-007
-1.60601e-007
-8.6791e-008
-6.1288e-008
-9.343e-008
-1.51691e-007
-1.84461e-007
-1.53649e-007
-5.95874e-008
5.85649e-008
1.4692e-007
1.69696e-007
1.29593e-007
6.30871e-008
1.48929e-008
9.24492e-009
3.66212e-008
6.32819e-008
5.61733e-008
6.71506e-009
-6.18027e-008
-1.08375e-007
-1.01614e-007
-4.26604e-008
3.24312e-008
7.42674e-008
5.2811e-008
-2.04869e-008
-9.70906e-008
-1.21028e-007
-6.52321e-008
4.91777e-008
1.63784e-007
2.1759e-007
1.83768e-007
8.53554e-008
-1.94613e-008
-7.25738e-008
-4.94966e-008
2.88804e-008
1.12177e-007
1.52816e-007
1.34144e-007
7.75615e-008
2.5759e-008
1.40294e-008
4.82675e-008
1.03077e-007
1.40051e-007
1.33445e-007
8.63432e-008
2.73889e-008
-8.91918e-009
-5.06923e-009
2.81618e-008
5.88094e-008
5.42993e-008
2.32137e-009
-8.09105e-008
-1.59839e-007
-2.00521e-007
-1.90801e-007
-1.47459e-007
-1.05577e-007
-9.6361e-008
-1.27342e-007
-1.77738e-007
-2.11998e-007
-2.02614e-007
-1.47444e-007
-7.08252e-008
-8.64908e-009
1.24456e-008
-1.10025e-008
-5.96011e-008
-1.03977e-007
-1.21528e-007
-1.07213e-007
-7.31715e-008
-3.90236e-008
-1.94188e-008
-1.57592e-008
-1.59454e-008
-1.73804e-009
4.03777e-008
1.10592e-007
1.93906e-007
2.65986e-007
3.03967e-007
2.97128e-007
2.52148e-007
1.90014e-007
1.3582e-007
1.06686e-007
1.04211e-007
1.15529e-007
1.22313e-007
1.12487e-007
8.7474e-008
6.02191e-008
4.50751e-008
4.63028e-008
5.33308e-008
4.66865e-008
1.1245e-008
-5.196e-008
-1.2367e-007
-1.76143e-007
-1.89005e-007
-1.61525e-007
-1.13821e-007
-7.6007e-008
-7.12431e-008
-1.02376e-007
-1.50148e-007
-1.84405e-007
-1.81824e-007
-1.39508e-007
-7.6275e-008
-2.1062e-008
4.25034e-009
-2.86289e-009
-2.53887e-008
-3.84625e-008
-2.55995e-008
1.04919e-008
4.93375e-008
6.59542e-008
4.80373e-008
5.92536e-009
-3.21006e-008
-3.74126e-008
-7.94453e-010
5.8789e-008
1.03376e-007
9.88889e-008
3.79979e-008
-5.2197e-008
-1.24257e-007
-1.38762e-007
-8.92255e-008
-7.16347e-009
5.67544e-008
6.41326e-008
1.31696e-008
-5.9753e-008
-1.02592e-007
-8.02136e-008
3.55644e-009
1.08253e-007
1.81908e-007
1.93161e-007
1.50058e-007
9.35118e-008
6.95e-008
9.8001e-008
1.59075e-007
2.05572e-007
1.94592e-007
1.17266e-007
6.9253e-009
-8.05648e-008
-1.02084e-007
-5.50844e-008
2.0599e-008
6.84322e-008
5.17654e-008
-2.2379e-008
-1.07772e-007
-1.49018e-007
-1.17941e-007
-3.28113e-008
5.21301e-008
8.04043e-008
2.89965e-008
-7.65274e-008
-1.77205e-007
-2.16791e-007
-1.76044e-007
-8.36382e-008
2.77001e-009
3.27214e-008
-6.5512e-009
-8.39304e-008
-1.45469e-007
-1.48715e-007
-8.85587e-008
1.07261e-009
6.97514e-008
8.24366e-008
4.07462e-008
-1.92247e-008
-5.06927e-008
-2.63084e-008
4.45111e-008
1.2178e-007
1.60278e-007
1.37754e-007
6.85076e-008
-5.67447e-009
-4.12626e-008
-1.95068e-008
4.25087e-008
1.03099e-007
1.22651e-007
8.9023e-008
2.52216e-008
-2.61109e-008
-3.15521e-008
1.02036e-008
6.71338e-008
9.53716e-008
6.87789e-008
-3.46128e-009
-8.29623e-008
-1.27559e-007
-1.18727e-007
-7.26777e-008
-2.82326e-008
-2.04037e-008
-5.75666e-008
-1.16592e-007
-1.57774e-007
-1.49157e-007
-8.53993e-008
9.13075e-009
9.37948e-008
1.33557e-007
1.17117e-007
6.14871e-008
7.73164e-010
-3.40686e-008
-3.23751e-008
-7.65626e-009
1.35878e-008
1.04848e-008
-1.81486e-008
-5.3034e-008
-6.71245e-008
-4.34206e-008
1.3604e-008
8.01629e-008
1.27108e-007
1.36437e-007
1.10175e-007
6.70422e-008
3.01556e-008
1.40561e-008
1.87129e-008
3.2815e-008
4.25713e-008
3.95834e-008
2.33944e-008
-1.16864e-009
-2.83724e-008
-5.41603e-008
-7.60692e-008
-9.20597e-008
-9.99455e-008
-9.76241e-008
-8.36418e-008
-5.82588e-008
-2.51254e-008
7.992e-009
3.18999e-008
4.1971e-008
4.24852e-008
4.29753e-008
4.90319e-008

   Record Number: 4
   Aqu. Duration: 11.9603 ms
     Onset Delay: 0 ms
      No. Points: 292
    No. Averages: 548
   No. Artifacts: 0
      Start Time: Wed Feb 10 15:34

    SigGen Index: 9
       Variables: 
                  Level = 50 dB
                  Duration = 0.1 ms
                  Phase = 1 
                  Atten-A = 40 dB
7.67514e-008
7.20698e-008
3.90663e-008
-5.30049e-009
-3.60268e-008
-3.56126e-008
-5.93388e-009
3.26896e-008
5.52411e-008
4.91171e-008
2.27571e-008
6.90782e-011
4.69741e-009
4.46882e-008
1.07257e-007
1.66332e-007
1.97545e-007
1.91455e-007
1.5761e-007
1.17751e-007
9.27248e-008
9.11202e-008
1.06237e-007
1.22352e-007
1.25284e-007
1.10097e-007
8.1785e-008
4.99698e-008
2.22131e-008
2.86474e-010
-1.90514e-008
-4.01999e-008
-6.4862e-008
-9.10301e-008
-1.15448e-007
-1.37196e-007
-1.5889e-007
-1.84134e-007
-2.13343e-007
-2.41482e-007
-2.59604e-007
-2.59235e-007
-2.36857e-007
-1.95927e-007
-1.45463e-007
-9.62387e-008
-5.66007e-008
-2.97863e-008
-1.37162e-008
-3.04617e-009
7.76801e-009
2.19901e-008
3.97632e-008
5.89382e-008
7.66496e-008
9.03817e-008
9.7961e-008
9.72125e-008
8.65034e-008
6.63227e-008
4.05975e-008
1.62151e-008
3.64186e-010
-3.11803e-009
3.902e-009
1.48114e-008
2.24118e-008
2.35368e-008
2.0696e-008
1.95202e-008
2.3975e-008
3.2872e-008
4.01597e-008
3.88632e-008
2.61329e-008
6.07531e-009
-1.17038e-008
-1.72975e-008
-6.36256e-009
1.71633e-008
4.34279e-008
6.26412e-008
7.07462e-008
7.11086e-008
7.11248e-008
7.58797e-008
8.31654e-008
8.38999e-008
6.86878e-008
3.65117e-008
-1.04586e-009
-2.42852e-008
-1.67589e-008
2.34831e-008
8.0329e-008
1.26911e-007
1.40315e-007
1.15132e-007
6.70717e-008
2.34371e-008
5.70199e-009
1.52522e-008
3.20905e-008
2.80625e-008
-1.37275e-008
-8.62121e-008
-1.61066e-007
-2.05297e-007
-2.01011e-007
-1.55753e-007
-9.71882e-008
-5.59712e-008
-4.76823e-008
-6.47878e-008
-8.30966e-008
-7.83627e-008
-4.26411e-008
9.78179e-009
5.06745e-008
5.53076e-008
1.80868e-008
-4.36706e-008
-1.00287e-007
-1.27674e-007
-1.20986e-007
-9.54104e-008
-7.42149e-008
-7.23542e-008
-8.65921e-008
-9.87472e-008
-8.99009e-008
-5.56494e-008
-1.12011e-008
1.81213e-008
1.49325e-008
-1.63517e-008
-5.03299e-008
-5.65798e-008
-2.03828e-008
4.59876e-008
1.09526e-007
1.36793e-007
1.15467e-007
6.32393e-008
1.77106e-008
1.30367e-008
5.80369e-008
1.30123e-007
1.89323e-007
2.03598e-007
1.69209e-007
1.12889e-007
7.4208e-008
7.95053e-008
1.24414e-007
1.76248e-007
1.94529e-007
1.56681e-007
7.28985e-008
-1.92218e-008
-7.74209e-008
-8.07947e-008
-4.24445e-008
-5.52839e-010
6.27916e-009
-3.65416e-008
-1.11017e-007
-1.78893e-007
-2.06207e-007
-1.83651e-007
-1.29986e-007
-7.76376e-008
-5.11456e-008
-5.28881e-008
-6.48058e-008
-6.37989e-008
-3.92678e-008
-3.9322e-010
3.12356e-008
3.74583e-008
1.64271e-008
-1.58599e-008
-3.57217e-008
-2.66526e-008
1.0494e-008
5.79908e-008
9.18103e-008
9.57905e-008
7.07646e-008
3.29963e-008
3.11044e-009
-6.74023e-009
1.4264e-009
1.60893e-008
2.6511e-008
3.03079e-008
3.3248e-008
4.27531e-008
6.0877e-008
8.19513e-008
9.60327e-008
9.51012e-008
7.75213e-008
4.81519e-008
1.48077e-008
-1.61079e-008
-4.21405e-008
-6.44143e-008
-8.50863e-008
-1.04642e-007
-1.21108e-007
-1.31678e-007
-1.35086e-007
-1.3241e-007
-1.25484e-007
-1.14463e-007
-9.70689e-008
-7.08358e-008
-3.70756e-008
-3.13622e-009
2.00895e-008
2.49795e-008
1.37256e-008
-1.05589e-009
-3.60432e-009
1.3881e-008
4.41e-008
6.74652e-008
6.42415e-008
2.84493e-008
-2.5994e-008
-7.16933e-008
-8.34244e-008
-5.3585e-008
2.31372e-009
5.41026e-008
7.46064e-008
5.56126e-008
1.2291e-008
-2.6333e-008
-3.47408e-008
-5.79637e-009
4.54357e-008
9.1147e-008
1.07918e-007
9.10315e-008
5.69596e-008
3.23012e-008
3.59654e-008
6.58459e-008
9.89205e-008
1.05612e-007
6.9947e-008
2.55973e-009
-6.27224e-008
-8.79433e-008
-5.46572e-008
2.28822e-008
1.04312e-007
1.46414e-007
1.28798e-007
6.57802e-008
-3.23818e-009
-3.89884e-008
-2.72977e-008
1.2217e-008
3.96676e-008
2.21446e-008
-4.31901e-008
-1.25682e-007
-1.80006e-007
-1.75094e-007
-1.14381e-007
-3.41753e-008
1.8938e-008
1.72006e-008
-3.15319e-008
-9.00517e-008
-1.16606e-007
-9.16236e-008
-2.90166e-008
3.44351e-008
6.35473e-008
4.65748e-008
7.46081e-010
-4.08021e-008
-5.08237e-008
-2.36771e-008
2.46798e-008
7.07148e-008
1.00083e-007
1.13833e-007

   Record Number: 5
   Aqu. Duration: 11.9603 ms
     Onset Delay: 0 ms
      No. Points: 292
    No. Averages: 514
   No. Artifacts: 0
      Start Time: Wed Feb 10 15:34

    SigGen Index: 11
       Variables: 
                  Level = 40 dB
                  Duration = 0.1 ms
                  Phase = 1 
                  Atten-A = 50 dB
-2.67453e-008
-4.37301e-008
-5.87635e-008
-7.18722e-008
-8.15467e-008
-8.37102e-008
-7.35604e-008
-4.94464e-008
-1.59288e-008
1.66693e-008
3.67171e-008
3.7503e-008
2.14755e-008
-4.81381e-010
-1.48532e-008
-1.31842e-008
3.13213e-009
2.42837e-008
3.90942e-008
4.30879e-008
4.17615e-008
4.63199e-008
6.46863e-008
9.44487e-008
1.23233e-007
1.36474e-007
1.26946e-007
9.89978e-008
6.44635e-008
3.36983e-008
9.02396e-009
-1.43473e-008
-4.1273e-008
-6.99303e-008
-9.12848e-008
-9.56109e-008
-8.13642e-008
-5.94985e-008
-4.8909e-008
-6.47057e-008
-1.0657e-007
-1.55384e-007
-1.81706e-007
-1.62375e-007
-9.5949e-008
-6.99522e-009
6.5166e-008
8.80112e-008
5.48161e-008
-1.11214e-008
-7.01131e-008
-8.93562e-008
-6.17717e-008
-9.09079e-009
3.27122e-008
3.67815e-008
2.89613e-009
-4.2265e-008
-6.27008e-008
-3.7395e-008
2.45902e-008
8.85048e-008
1.15226e-007
8.56202e-008
1.21919e-008
-6.91465e-008
-1.21494e-007
-1.28989e-007
-1.04206e-007
-7.62238e-008
-6.78837e-008
-7.86334e-008
-8.55453e-008
-6.18008e-008
9.70246e-010
8.30753e-008
1.4753e-007
1.64482e-007
1.32574e-007
8.19127e-008
5.55324e-008
8.11441e-008
1.52047e-007
2.30188e-007
2.69579e-007
2.44986e-007
1.67756e-007
7.91813e-008
2.57627e-008
3.15476e-008
8.44042e-008
1.44677e-007
1.70786e-007
1.45383e-007
8.51364e-008
2.79554e-008
6.38906e-009
2.50547e-008
5.7275e-008
6.34451e-008
1.9099e-008
-6.6296e-008
-1.53107e-007
-1.96101e-007
-1.73696e-007
-1.02378e-007
-2.69131e-008
6.66845e-009
-2.24597e-008
-1.00149e-007
-1.88513e-007
-2.49371e-007
-2.64927e-007
-2.44111e-007
-2.12522e-007
-1.93526e-007
-1.92855e-007
-1.96404e-007
-1.8226e-007
-1.38341e-007
-7.31595e-008
-1.22042e-008
1.76304e-008
5.28952e-009
-3.65303e-008
-7.78787e-008
-8.87624e-008
-5.66963e-008
6.28929e-009
7.16187e-008
1.12013e-007
1.17804e-007
1.01403e-007
8.73122e-008
9.45951e-008
1.23791e-007
1.57122e-007
1.7143e-007
1.54342e-007
1.12402e-007
6.61827e-008
3.64717e-008
3.10959e-008
4.08023e-008
4.65624e-008
3.34647e-008
2.00988e-009
-3.11263e-008
-4.40385e-008
-2.5136e-008
1.76374e-008
6.08553e-008
8.05976e-008
6.81724e-008
3.57643e-008
8.31479e-009
7.40147e-009
3.78426e-008
8.52628e-008
1.25393e-007
1.38652e-007
1.20842e-007
8.38549e-008
4.68079e-008
2.38459e-008
1.63032e-008
1.35361e-008
1.14689e-009
-2.90027e-008
-7.32731e-008
-1.18382e-007
-1.49463e-007
-1.5878e-007
-1.49748e-007
-1.34036e-007
-1.23775e-007
-1.23772e-007
-1.28566e-007
-1.26102e-007
-1.05828e-007
-6.62693e-008
-1.73435e-008
2.4391e-008
4.49435e-008
4.08606e-008
2.09483e-008
9.64177e-010
-4.98594e-009
8.87391e-009
3.84477e-008
7.31914e-008
1.01881e-007
1.17529e-007
1.19271e-007
1.10806e-007
9.67658e-008
7.95049e-008
5.85491e-008
3.29847e-008
4.39946e-009
-2.2817e-008
-4.45454e-008
-6.04285e-008
-7.39042e-008
-8.81591e-008
-1.01674e-007
-1.07884e-007
-9.98243e-008
-7.59905e-008
-4.24882e-008
-9.75981e-009
1.351e-008
2.50862e-008
2.97644e-008
3.58041e-008
4.94109e-008
7.06296e-008
9.33114e-008
1.09078e-007
1.12274e-007
1.02334e-007
8.22868e-008
5.52282e-008
2.20263e-008
-1.7644e-008
-6.17264e-008
-1.02749e-007
-1.285e-007
-1.27406e-007
-9.63596e-008
-4.59867e-008
1.60352e-009
2.3402e-008
8.85571e-009
-3.29432e-008
-7.78377e-008
-1.00541e-007
-8.90172e-008
-5.0204e-008
-3.93467e-009
3.03627e-008
4.52177e-008
4.77245e-008
5.24186e-008
7.00369e-008
9.99078e-008
1.30663e-007
1.48199e-007
1.45167e-007
1.2555e-007
1.01481e-007
8.45954e-008
7.76207e-008
7.16549e-008
5.12661e-008
4.9533e-009
-6.5246e-008
-1.41742e-007
-1.99664e-007
-2.21134e-007
-2.06208e-007
-1.72601e-007
-1.44015e-007
-1.34997e-007
-1.42557e-007
-1.49645e-007
-1.37415e-007
-9.79078e-008
-3.94032e-008
1.82948e-008
5.553e-008
6.46324e-008
5.49458e-008
4.76464e-008
6.29037e-008
1.0692e-007
1.66915e-007
2.17509e-007
2.34978e-007
2.10785e-007
1.55952e-007
9.35441e-008
4.44524e-008
1.608e-008
1.0741e-009
-1.41783e-008
-3.83103e-008
-6.92469e-008
-9.73946e-008
-1.14024e-007
-1.17333e-007
-1.11536e-007

