ABR Group Header  ==================================
    Group Number: 0
         Records: 10
  SigGen File #1: Click_NH
  SigGen File #2: 
      Subject ID: 201028C3-M12
    Reference #1: 20201208
    Reference #2: male
            Memo: D-L_CLK_MF1B_10cm Std
      Start Time: Tue Dec 08 22:14
        End Time: Fri Mar 02 17:18
----------------------------------------------------

   Record Number: 0
   Aqu. Duration: 11.9603 ms
     Onset Delay: 0 ms
      No. Points: 292
    No. Averages: 484
   No. Artifacts: 0
      Start Time: Tue Dec 08 22:14

    SigGen Index: 1
       Variables: 
                  Level = 90 dB
                  Duration = 0.1 ms
                  Phase = 1 
                  Atten-A = 0 dB
-3.91608e-007
-4.06828e-007
-4.18063e-007
-4.29866e-007
-4.45037e-007
-4.6225e-007
-4.76966e-007
-4.8472e-007
-4.83755e-007
-4.74915e-007
-4.59349e-007
-4.36624e-007
-4.05661e-007
-3.68292e-007
-3.32128e-007
-3.08928e-007
-3.07708e-007
-3.2642e-007
-3.48213e-007
-3.4609e-007
-2.94306e-007
-1.79951e-007
-7.45152e-009
2.06817e-007
4.45956e-007
7.01846e-007
9.75457e-007
1.26742e-006
1.56504e-006
1.83515e-006
2.02942e-006
2.10125e-006
2.02612e-006
1.81401e-006
1.50607e-006
1.15654e-006
8.0962e-007
4.84265e-007
1.75468e-007
-1.30024e-007
-4.34172e-007
-7.16873e-007
-9.40414e-007
-1.0659e-006
-1.07154e-006
-9.62583e-007
-7.68535e-007
-5.3075e-007
-2.88133e-007
-6.82101e-008
1.13535e-007
2.48553e-007
3.29809e-007
3.50588e-007
3.08246e-007
2.09627e-007
7.31062e-008
-7.61608e-008
-2.1676e-007
-3.41592e-007
-4.6115e-007
-5.95525e-007
-7.58074e-007
-9.39797e-007
-1.10464e-006
-1.2008e-006
-1.18387e-006
-1.04016e-006
-7.96911e-007
-5.12823e-007
-2.53566e-007
-6.55276e-008
3.82997e-008
7.43274e-008
7.11727e-008
5.08509e-008
1.89747e-008
-3.23159e-008
-1.12764e-007
-2.22063e-007
-3.44967e-007
-4.56011e-007
-5.30575e-007
-5.55229e-007
-5.30917e-007
-4.67402e-007
-3.73469e-007
-2.50236e-007
-9.24177e-008
1.03614e-007
3.31193e-007
5.70884e-007
7.96515e-007
9.85899e-007
1.12894e-006
1.22779e-006
1.28965e-006
1.31828e-006
1.31051e-006
1.26016e-006
1.16598e-006
1.03748e-006
8.93882e-007
7.56104e-007
6.36707e-007
5.34154e-007
4.34948e-007
3.22194e-007
1.85547e-007
2.70418e-008
-1.40344e-007
-3.00438e-007
-4.43018e-007
-5.68226e-007
-6.83124e-007
-7.92937e-007
-8.93552e-007
-9.70993e-007
-1.0086e-006
-9.97184e-007
-9.41116e-007
-8.56052e-007
-7.59493e-007
-6.60628e-007
-5.56482e-007
-4.36957e-007
-2.95096e-007
-1.35419e-007
2.53202e-008
1.65564e-007
2.70031e-007
3.37338e-007
3.78821e-007
4.08701e-007
4.32074e-007
4.39594e-007
4.13531e-007
3.41826e-007
2.30641e-007
1.064e-007
4.85358e-009
-4.70106e-008
-4.55272e-008
-1.23731e-008
1.74362e-008
1.44065e-008
-3.08734e-008
-1.05345e-007
-1.83231e-007
-2.40807e-007
-2.67107e-007
-2.65238e-007
-2.45494e-007
-2.16513e-007
-1.80931e-007
-1.37803e-007
-8.86623e-008
-4.13716e-008
-7.77798e-009
3.92935e-009
-3.26134e-009
-1.39662e-008
-7.84572e-009
2.79784e-008
8.93001e-008
1.54861e-007
1.9723e-007
1.98735e-007
1.62895e-007
1.13821e-007
8.3178e-008
9.20884e-008
1.38874e-007
2.00187e-007
2.4486e-007
2.52027e-007
2.22683e-007
1.78139e-007
1.46876e-007
1.48026e-007
1.81164e-007
2.27738e-007
2.6231e-007
2.66477e-007
2.3765e-007
1.88568e-007
1.38696e-007
1.02853e-007
8.353e-008
7.10601e-008
5.11162e-008
1.44866e-008
-3.72379e-008
-9.34375e-008
-1.41714e-007
-1.75053e-007
-1.94225e-007
-2.05029e-007
-2.13645e-007
-2.23683e-007
-2.35991e-007
-2.49857e-007
-2.63856e-007
-2.75781e-007
-2.82223e-007
-2.78631e-007
-2.60473e-007
-2.25573e-007
-1.76712e-007
-1.22613e-007
-7.57674e-008
-4.74744e-008
-4.25545e-008
-5.67313e-008
-7.83053e-008
-9.34785e-008
-9.27527e-008
-7.51433e-008
-4.7871e-008
-2.14547e-008
-2.83589e-009
9.18712e-009
2.28568e-008
4.6896e-008
8.27935e-008
1.21732e-007
1.49141e-007
1.54275e-007
1.38051e-007
1.1326e-007
9.68379e-008
9.95888e-008
1.20198e-007
1.46953e-007
1.65376e-007
1.66697e-007
1.52149e-007
1.30977e-007
1.13783e-007
1.05378e-007
1.01508e-007
9.15889e-008
6.59245e-008
2.28379e-008
-2.9171e-008
-7.58822e-008
-1.05458e-007
-1.14789e-007
-1.10191e-007
-1.02525e-007
-1.00112e-007
-1.03671e-007
-1.06118e-007
-9.75144e-008
-7.26164e-008
-3.63531e-008
-2.92408e-009
1.22832e-008
3.58931e-009
-1.87496e-008
-3.24839e-008
-1.6349e-008
3.58717e-008
1.09792e-007
1.7767e-007
2.14148e-007
2.10443e-007
1.78026e-007
1.39848e-007
1.1524e-007
1.08414e-007
1.07592e-007
9.45357e-008
5.76675e-008
1.32378e-010
-6.2153e-008
-1.10787e-007
-1.36546e-007
-1.44905e-007
-1.52317e-007
-1.76039e-007
-2.23653e-007
-2.87481e-007
-3.45654e-007
-3.68647e-007
-3.29223e-007
-2.14247e-007
-3.57578e-008
1.65259e-007
3.3222e-007
4.26219e-007
4.53003e-007

   Record Number: 1
   Aqu. Duration: 11.9603 ms
     Onset Delay: 0 ms
      No. Points: 292
    No. Averages: 630
   No. Artifacts: 0
      Start Time: Tue Dec 08 22:14

    SigGen Index: 3
       Variables: 
                  Level = 80 dB
                  Duration = 0.1 ms
                  Phase = 1 
                  Atten-A = 10 dB
-3.44648e-007
-4.24294e-007
-4.72101e-007
-4.79412e-007
-4.55298e-007
-4.22344e-007
-4.04927e-007
-4.17012e-007
-4.56502e-007
-5.08637e-007
-5.5516e-007
-5.82986e-007
-5.87827e-007
-5.72531e-007
-5.43154e-007
-5.06086e-007
-4.67507e-007
-4.34152e-007
-4.13149e-007
-4.09376e-007
-4.20868e-007
-4.34905e-007
-4.28095e-007
-3.71976e-007
-2.42511e-007
-2.92204e-008
2.60245e-007
6.01915e-007
9.62314e-007
1.30688e-006
1.60652e-006
1.84043e-006
1.99597e-006
2.06735e-006
2.05463e-006
1.96279e-006
1.79986e-006
1.57359e-006
1.28812e-006
9.42805e-007
5.35239e-007
6.84296e-008
-4.4039e-007
-9.53806e-007
-1.41547e-006
-1.76022e-006
-1.93061e-006
-1.89362e-006
-1.65125e-006
-1.24088e-006
-7.25621e-007
-1.78278e-007
3.3516e-007
7.66639e-007
1.0888e-006
1.29093e-006
1.37268e-006
1.33974e-006
1.20252e-006
9.76381e-007
6.81722e-007
3.42787e-007
-1.47627e-008
-3.67043e-007
-6.94436e-007
-9.8171e-007
-1.21564e-006
-1.38241e-006
-1.46791e-006
-1.46173e-006
-1.36259e-006
-1.18183e-006
-9.43286e-007
-6.80414e-007
-4.32011e-007
-2.36616e-007
-1.25434e-007
-1.15044e-007
-2.02716e-007
-3.66799e-007
-5.72283e-007
-7.79226e-007
-9.509e-007
-1.05944e-006
-1.08848e-006
-1.0335e-006
-9.00665e-007
-7.04292e-007
-4.63057e-007
-1.95213e-007
8.56593e-008
3.725e-007
6.63061e-007
9.552e-007
1.2415e-006
1.50628e-006
1.72715e-006
1.88086e-006
1.95066e-006
1.93151e-006
1.83102e-006
1.66624e-006
1.45863e-006
1.22988e-006
9.99844e-007
7.8581e-007
6.01016e-007
4.51716e-007
3.34486e-007
2.36616e-007
1.4079e-007
3.22589e-008
-9.51405e-008
-2.37205e-007
-3.82392e-007
-5.17568e-007
-6.33334e-007
-7.26609e-007
-7.99895e-007
-8.58077e-007
-9.04437e-007
-9.37896e-007
-9.53096e-007
-9.43579e-007
-9.06446e-007
-8.45686e-007
-7.71769e-007
-6.97144e-007
-6.2968e-007
-5.6774e-007
-5.00269e-007
-4.12781e-007
-2.96477e-007
-1.55217e-007
-5.8344e-009
1.28721e-007
2.29393e-007
2.88333e-007
3.09751e-007
3.05026e-007
2.86205e-007
2.62051e-007
2.37856e-007
2.17152e-007
2.02644e-007
1.95346e-007
1.93275e-007
1.91867e-007
1.86649e-007
1.76335e-007
1.63735e-007
1.53636e-007
1.49211e-007
1.49502e-007
1.49603e-007
1.43317e-007
1.26624e-007
9.98992e-008
6.75704e-008
3.54587e-008
7.42255e-009
-1.66346e-008
-4.01948e-008
-6.73651e-008
-9.96468e-008
-1.34236e-007
-1.64904e-007
-1.84968e-007
-1.90743e-007
-1.83669e-007
-1.69897e-007
-1.57177e-007
-1.50267e-007
-1.47309e-007
-1.39752e-007
-1.16687e-007
-7.15139e-008
-6.88842e-009
6.54764e-008
1.30407e-007
1.7691e-007
2.03001e-007
2.14832e-007
2.21294e-007
2.28285e-007
2.36408e-007
2.42774e-007
2.4456e-007
2.41223e-007
2.33861e-007
2.22792e-007
2.05815e-007
1.78989e-007
1.39722e-007
9.00006e-008
3.71521e-008
-8.92195e-009
-4.05791e-008
-5.63077e-008
-6.1256e-008
-6.41623e-008
-7.24732e-008
-8.83261e-008
-1.07564e-007
-1.22314e-007
-1.25726e-007
-1.16279e-007
-9.92094e-008
-8.41153e-008
-7.99398e-008
-9.01446e-008
-1.10893e-007
-1.33326e-007
-1.4856e-007
-1.52305e-007
-1.46181e-007
-1.35118e-007
-1.23261e-007
-1.11842e-007
-1.00429e-007
-8.95766e-008
-8.17598e-008
-7.94342e-008
-8.20166e-008
-8.45748e-008
-7.96393e-008
-6.12773e-008
-2.90543e-008
1.05174e-008
4.61656e-008
6.68953e-008
6.74493e-008
5.12272e-008
2.87996e-008
1.26264e-008
1.09916e-008
2.46888e-008
4.80629e-008
7.30479e-008
9.31876e-008
1.05409e-007
1.09515e-007
1.06881e-007
9.96783e-008
9.06266e-008
8.25499e-008
7.74135e-008
7.55634e-008
7.59794e-008
7.73074e-008
7.86035e-008
7.9164e-008
7.78809e-008
7.2974e-008
6.24939e-008
4.53254e-008
2.20738e-008
-4.74223e-009
-3.14181e-008
-5.44557e-008
-7.192e-008
-8.38411e-008
-9.11382e-008
-9.36949e-008
-8.93285e-008
-7.50579e-008
-5.01081e-008
-1.82344e-008
1.28723e-008
3.51193e-008
4.41308e-008
4.10697e-008
3.10301e-008
1.94688e-008
9.4713e-009
1.65406e-009
-3.94695e-009
-6.47199e-009
-5.34008e-009
-3.32079e-009
-8.51025e-009
-3.20385e-008
-8.10159e-008
-1.49869e-007
-2.15708e-007
-2.43277e-007
-2.01355e-007
-8.49474e-008
7.10191e-008
2.03548e-007
2.62883e-007
2.4915e-007

   Record Number: 2
   Aqu. Duration: 11.9603 ms
     Onset Delay: 0 ms
      No. Points: 292
    No. Averages: 810
   No. Artifacts: 0
      Start Time: Tue Dec 08 22:15

    SigGen Index: 5
       Variables: 
                  Level = 70 dB
                  Duration = 0.1 ms
                  Phase = 1 
                  Atten-A = 20 dB
-1.65424e-007
-2.0566e-007
-2.47794e-007
-2.81513e-007
-3.01043e-007
-3.09485e-007
-3.17073e-007
-3.34076e-007
-3.6334e-007
-3.97995e-007
-4.26015e-007
-4.38287e-007
-4.34527e-007
-4.23261e-007
-4.16241e-007
-4.21083e-007
-4.36708e-007
-4.54165e-007
-4.62097e-007
-4.53302e-007
-4.28222e-007
-3.93181e-007
-3.54535e-007
-3.12356e-007
-2.57507e-007
-1.73898e-007
-4.49126e-008
1.39175e-007
3.76323e-007
6.52401e-007
9.44906e-007
1.2282e-006
1.47765e-006
1.67164e-006
1.79225e-006
1.82613e-006
1.7667e-006
1.61714e-006
1.39226e-006
1.11699e-006
8.19775e-007
5.22422e-007
2.31097e-007
-6.53744e-008
-3.86284e-007
-7.41486e-007
-1.11425e-006
-1.45513e-006
-1.69276e-006
-1.75877e-006
-1.61522e-006
-1.27135e-006
-7.81527e-007
-2.26729e-007
3.10246e-007
7.64331e-007
1.0964e-006
1.29144e-006
1.35229e-006
1.2934e-006
1.13628e-006
9.05758e-007
6.26541e-007
3.20648e-007
6.48519e-009
-3.00269e-007
-5.84933e-007
-8.32597e-007
-1.02827e-006
-1.15853e-006
-1.21414e-006
-1.19307e-006
-1.10287e-006
-9.61389e-007
-7.94816e-007
-6.33224e-007
-5.04716e-007
-4.29963e-007
-4.18756e-007
-4.69449e-007
-5.70955e-007
-7.0582e-007
-8.52565e-007
-9.8662e-007
-1.08099e-006
-1.10888e-006
-1.04953e-006
-8.95509e-007
-6.57538e-007
-3.62717e-007
-4.5775e-008
2.62614e-007
5.44144e-007
7.93756e-007
1.01397e-006
1.20743e-006
1.37234e-006
1.50258e-006
1.59088e-006
1.6321e-006
1.62456e-006
1.56928e-006
1.46845e-006
1.32514e-006
1.1452e-006
9.40246e-007
7.28977e-007
5.34657e-007
3.78614e-007
2.72471e-007
2.13149e-007
1.8387e-007
1.61346e-007
1.25782e-007
6.84808e-008
-6.85528e-009
-8.93501e-008
-1.69318e-007
-2.44816e-007
-3.22629e-007
-4.13062e-007
-5.21489e-007
-6.41889e-007
-7.5706e-007
-8.46411e-007
-8.96988e-007
-9.10421e-007
-9.00699e-007
-8.84054e-007
-8.68009e-007
-8.47345e-007
-8.09538e-007
-7.45197e-007
-6.55472e-007
-5.51112e-007
-4.44514e-007
-3.41378e-007
-2.3839e-007
-1.28431e-007
-9.18307e-009
1.11274e-007
2.1613e-007
2.88131e-007
3.19533e-007
3.17472e-007
3.01172e-007
2.92175e-007
3.0309e-007
3.31411e-007
3.62157e-007
3.77732e-007
3.68901e-007
3.40011e-007
3.05398e-007
2.79725e-007
2.68839e-007
2.6701e-007
2.61869e-007
2.43187e-007
2.09313e-007
1.67094e-007
1.25804e-007
8.9741e-008
5.48741e-008
1.19355e-008
-4.60716e-008
-1.17079e-007
-1.8873e-007
-2.44065e-007
-2.70772e-007
-2.67968e-007
-2.4594e-007
-2.19099e-007
-1.97134e-007
-1.80384e-007
-1.62142e-007
-1.35509e-007
-9.95088e-008
-6.02243e-008
-2.65697e-008
-3.8941e-009
1.02392e-008
2.52525e-008
5.19329e-008
9.5215e-008
1.49864e-007
2.02015e-007
2.35957e-007
2.42321e-007
2.22972e-007
1.89797e-007
1.58041e-007
1.38079e-007
1.30551e-007
1.27682e-007
1.19617e-007
1.01331e-007
7.55285e-008
4.99007e-008
3.08954e-008
1.84948e-008
5.77248e-009
-1.6233e-008
-5.14848e-008
-9.45315e-008
-1.31931e-007
-1.49089e-007
-1.38683e-007
-1.05657e-007
-6.54916e-008
-3.62627e-008
-2.89389e-008
-4.18232e-008
-6.26531e-008
-7.6862e-008
-7.6427e-008
-6.35693e-008
-4.73626e-008
-3.61902e-008
-3.1608e-008
-2.78702e-008
-1.71689e-008
3.47652e-009
2.87771e-008
4.75738e-008
4.93419e-008
3.05309e-008
-3.11455e-009
-3.95416e-008
-6.69051e-008
-7.98025e-008
-8.14954e-008
-8.07297e-008
-8.52226e-008
-9.62242e-008
-1.07905e-007
-1.11859e-007
-1.03312e-007
-8.45809e-008
-6.3481e-008
-4.79077e-008
-4.02782e-008
-3.55887e-008
-2.45879e-008
-2.75886e-010
3.64134e-008
7.5739e-008
1.04287e-007
1.13317e-007
1.0485e-007
9.08626e-008
8.54552e-008
9.50846e-008
1.13817e-007
1.27338e-007
1.23264e-007
1.00624e-007
7.16833e-008
5.44802e-008
6.09044e-008
8.82421e-008
1.19784e-007
1.34255e-007
1.18377e-007
7.4978e-008
2.16614e-008
-1.93596e-008
-3.41935e-008
-2.50561e-008
-8.14054e-009
-3.01245e-009
-2.02262e-008
-5.48553e-008
-8.9848e-008
-1.06965e-007
-9.83143e-008
-7.11596e-008
-4.31394e-008
-3.15025e-008
-4.38901e-008
-7.65208e-008
-1.19524e-007
-1.63495e-007
-2.00931e-007
-2.21783e-007
-2.09503e-007
-1.46074e-007
-2.78466e-008
1.18719e-007
2.41134e-007
2.95226e-007
2.80697e-007

   Record Number: 3
   Aqu. Duration: 11.9603 ms
     Onset Delay: 0 ms
      No. Points: 292
    No. Averages: 894
   No. Artifacts: 0
      Start Time: Tue Dec 08 22:16

    SigGen Index: 7
       Variables: 
                  Level = 60 dB
                  Duration = 0.1 ms
                  Phase = 1 
                  Atten-A = 30 dB
-1.20098e-007
-1.52571e-007
-1.82256e-007
-2.09915e-007
-2.37824e-007
-2.67659e-007
-2.98961e-007
-3.29484e-007
-3.5714e-007
-3.81797e-007
-4.05296e-007
-4.29556e-007
-4.54322e-007
-4.76252e-007
-4.89893e-007
-4.89805e-007
-4.72866e-007
-4.4009e-007
-3.97519e-007
-3.55537e-007
-3.25931e-007
-3.1695e-007
-3.28276e-007
-3.48838e-007
-3.59381e-007
-3.38865e-007
-2.71365e-007
-1.49949e-007
2.37133e-008
2.42462e-007
4.96427e-007
7.73189e-007
1.05545e-006
1.31865e-006
1.53176e-006
1.66291e-006
1.68831e-006
1.60029e-006
1.41003e-006
1.14373e-006
8.34847e-007
5.16448e-007
2.16217e-007
-4.5992e-008
-2.59406e-007
-4.23075e-007
-5.45223e-007
-6.39546e-007
-7.18061e-007
-7.82898e-007
-8.21675e-007
-8.10266e-007
-7.22926e-007
-5.4504e-007
-2.81994e-007
3.98698e-008
3.79352e-007
6.8958e-007
9.26815e-007
1.05784e-006
1.06616e-006
9.56184e-007
7.53395e-007
4.98427e-007
2.35828e-007
1.29002e-009
-1.87221e-007
-3.30581e-007
-4.42017e-007
-5.37029e-007
-6.25091e-007
-7.06648e-007
-7.7556e-007
-8.24384e-007
-8.49082e-007
-8.51049e-007
-8.36426e-007
-8.14182e-007
-7.94506e-007
-7.87976e-007
-8.04646e-007
-8.51674e-007
-9.29308e-007
-1.02715e-006
-1.12384e-006
-1.19178e-006
-1.20512e-006
-1.14713e-006
-1.01339e-006
-8.10419e-007
-5.51835e-007
-2.54523e-007
6.35923e-008
3.84514e-007
6.90839e-007
9.66868e-007
1.20017e-006
1.38302e-006
1.51286e-006
1.59154e-006
1.62356e-006
1.61422e-006
1.56813e-006
1.48852e-006
1.37768e-006
1.23826e-006
1.07492e-006
8.95467e-007
7.10969e-007
5.34986e-007
3.81837e-007
2.6395e-007
1.88543e-007
1.54674e-007
1.52252e-007
1.64109e-007
1.70697e-007
1.55462e-007
1.08816e-007
2.95102e-008
-7.65784e-008
-1.995e-007
-3.28915e-007
-4.57044e-007
-5.7968e-007
-6.94806e-007
-7.99643e-007
-8.882e-007
-9.51473e-007
-9.80729e-007
-9.7203e-007
-9.29052e-007
-8.62298e-007
-7.8509e-007
-7.0866e-007
-6.3878e-007
-5.75123e-007
-5.12875e-007
-4.45381e-007
-3.66904e-007
-2.75129e-007
-1.73137e-007
-7.00191e-008
2.10343e-008
8.74336e-008
1.22972e-007
1.31621e-007
1.2684e-007
1.26238e-007
1.43943e-007
1.84496e-007
2.41511e-007
3.01825e-007
3.52551e-007
3.86724e-007
4.04526e-007
4.10436e-007
4.09167e-007
4.03153e-007
3.92305e-007
3.75073e-007
3.49643e-007
3.14846e-007
2.70881e-007
2.19808e-007
1.65448e-007
1.1238e-007
6.43748e-008
2.32909e-008
-1.08159e-008
-3.85966e-008
-6.03221e-008
-7.56203e-008
-8.41314e-008
-8.65595e-008
-8.5337e-008
-8.42625e-008
-8.70243e-008
-9.52372e-008
-1.07069e-007
-1.17401e-007
-1.19774e-007
-1.09398e-007
-8.58011e-008
-5.36699e-008
-2.12585e-008
2.96326e-009
1.38913e-008
1.20207e-008
3.37717e-009
-2.98183e-009
8.71015e-010
1.7609e-008
4.27256e-008
6.62087e-008
7.73073e-008
7.00765e-008
4.68435e-008
1.7635e-008
-4.5482e-009
-1.0487e-008
1.66956e-010
1.86942e-008
3.23663e-008
3.16074e-008
1.46923e-008
-1.26419e-008
-4.15848e-008
-6.51579e-008
-8.06541e-008
-8.89808e-008
-9.23027e-008
-9.19366e-008
-8.77603e-008
-7.91543e-008
-6.63741e-008
-5.1028e-008
-3.52571e-008
-2.04419e-008
-6.6417e-009
6.72312e-009
1.95057e-008
2.99756e-008
3.54083e-008
3.39648e-008
2.65365e-008
1.70123e-008
1.04649e-008
1.02877e-008
1.62032e-008
2.45849e-008
3.08908e-008
3.2441e-008
2.96152e-008
2.48712e-008
2.05853e-008
1.74005e-008
1.42672e-008
1.00194e-008
5.00106e-009
1.07618e-009
-2.52672e-010
-2.04337e-011
-2.13567e-009
-1.11826e-008
-2.91651e-008
-5.36155e-008
-7.83993e-008
-9.64788e-008
-1.02701e-007
-9.52414e-008
-7.57032e-008
-4.85199e-008
-1.97847e-008
4.78033e-009
2.23248e-008
3.42776e-008
4.51263e-008
5.88776e-008
7.56706e-008
9.1288e-008
1.00083e-007
9.90073e-008
8.96526e-008
7.71362e-008
6.71882e-008
6.35689e-008
6.69265e-008
7.49866e-008
8.35014e-008
8.74456e-008
8.22089e-008
6.48356e-008
3.53329e-008
-2.45361e-009
-4.12739e-008
-7.26325e-008
-9.00679e-008
-9.22867e-008
-8.49209e-008
-7.99449e-008
-9.19158e-008
-1.30795e-007
-1.93095e-007
-2.56139e-007
-2.81919e-007
-2.34134e-007
-1.0333e-007
7.5904e-008
2.35991e-007
3.21408e-007
3.30231e-007

   Record Number: 4
   Aqu. Duration: 11.9603 ms
     Onset Delay: 0 ms
      No. Points: 292
    No. Averages: 652
   No. Artifacts: 0
      Start Time: Tue Dec 08 22:16

    SigGen Index: 9
       Variables: 
                  Level = 50 dB
                  Duration = 0.1 ms
                  Phase = 1 
                  Atten-A = 40 dB
-1.13521e-007
-1.62317e-007
-1.99762e-007
-2.24073e-007
-2.38541e-007
-2.48981e-007
-2.6054e-007
-2.75672e-007
-2.9399e-007
-3.13447e-007
-3.31855e-007
-3.47982e-007
-3.61885e-007
-3.7427e-007
-3.85158e-007
-3.92847e-007
-3.94314e-007
-3.871e-007
-3.71238e-007
-3.49477e-007
-3.25395e-007
-3.0092e-007
-2.75392e-007
-2.47048e-007
-2.15572e-007
-1.83184e-007
-1.52714e-007
-1.23639e-007
-8.89404e-008
-3.52358e-008
5.36419e-008
1.91272e-007
3.83318e-007
6.23394e-007
8.91185e-007
1.15408e-006
1.37291e-006
1.51045e-006
1.53981e-006
1.44985e-006
1.24665e-006
9.51743e-007
5.98437e-007
2.27017e-007
-1.21123e-007
-4.09834e-007
-6.14045e-007
-7.23751e-007
-7.44971e-007
-6.96871e-007
-6.05365e-007
-4.95124e-007
-3.83117e-007
-2.7617e-007
-1.72807e-007
-6.74226e-008
4.56491e-008
1.69373e-007
3.02067e-007
4.35394e-007
5.52796e-007
6.30691e-007
6.44566e-007
5.79114e-007
4.37693e-007
2.45178e-007
4.14384e-008
-1.31857e-007
-2.44716e-007
-2.86986e-007
-2.69435e-007
-2.19209e-007
-1.71628e-007
-1.5975e-007
-2.03778e-007
-3.04013e-007
-4.4119e-007
-5.84963e-007
-7.06864e-007
-7.91372e-007
-8.39928e-007
-8.66894e-007
-8.90546e-007
-9.23887e-007
-9.69155e-007
-1.01761e-006
-1.0538e-006
-1.06173e-006
-1.02982e-006
-9.52517e-007
-8.29167e-007
-6.62162e-007
-4.56631e-007
-2.21532e-007
2.97717e-008
2.81256e-007
5.18137e-007
7.30684e-007
9.15286e-007
1.07179e-006
1.19881e-006
1.2906e-006
1.33821e-006
1.3349e-006
1.28243e-006
1.19367e-006
1.08922e-006
9.89154e-007
9.04597e-007
8.33753e-007
7.64798e-007
6.83775e-007
5.82806e-007
4.64158e-007
3.38578e-007
2.19847e-007
1.19149e-007
4.20384e-008
-1.15045e-008
-4.53464e-008
-6.55956e-008
-7.9809e-008
-9.6443e-008
-1.23689e-007
-1.67588e-007
-2.30206e-007
-3.08829e-007
-3.9659e-007
-4.84178e-007
-5.61894e-007
-6.21581e-007
-6.58217e-007
-6.70973e-007
-6.63312e-007
-6.41761e-007
-6.13565e-007
-5.84105e-007
-5.5529e-007
-5.2574e-007
-4.92547e-007
-4.53451e-007
-4.0806e-007
-3.57511e-007
-3.0318e-007
-2.45787e-007
-1.85836e-007
-1.24817e-007
-6.57176e-008
-1.20077e-008
3.4e-008
7.1767e-008
1.01543e-007
1.22893e-007
1.34389e-007
1.35011e-007
1.26227e-007
1.13026e-007
1.02893e-007
1.03094e-007
1.17642e-007
1.45542e-007
1.81282e-007
2.17348e-007
2.47212e-007
2.66966e-007
2.75072e-007
2.71417e-007
2.57123e-007
2.34979e-007
2.09244e-007
1.84242e-007
1.6278e-007
1.45664e-007
1.32359e-007
1.21784e-007
1.12577e-007
1.03229e-007
9.25829e-008
8.04605e-008
6.76546e-008
5.51172e-008
4.30274e-008
3.06143e-008
1.69845e-008
2.34384e-009
-1.14058e-008
-2.13284e-008
-2.50244e-008
-2.20187e-008
-1.40061e-008
-3.87791e-009
5.67721e-009
1.29803e-008
1.71608e-008
1.74863e-008
1.31927e-008
4.19176e-009
-8.05664e-009
-2.07129e-008
-3.12723e-008
-3.98427e-008
-4.99843e-008
-6.675e-008
-9.27356e-008
-1.24926e-007
-1.55028e-007
-1.73632e-007
-1.75654e-007
-1.63319e-007
-1.44545e-007
-1.27778e-007
-1.16805e-007
-1.08917e-007
-9.73498e-008
-7.60281e-008
-4.34245e-008
-3.40344e-009
3.68616e-008
7.02333e-008
9.23993e-008
1.03006e-007
1.0489e-007
1.01993e-007
9.72794e-008
9.19405e-008
8.60418e-008
7.94783e-008
7.21778e-008
6.37374e-008
5.34568e-008
4.10889e-008
2.75434e-008
1.46744e-008
4.15398e-009
-3.78866e-009
-1.09538e-008
-2.07126e-008
-3.65525e-008
-6.00311e-008
-8.89635e-008
-1.16988e-007
-1.35345e-007
-1.36548e-007
-1.18216e-007
-8.47363e-008
-4.55765e-008
-1.11997e-008
1.08629e-008
1.7776e-008
1.10391e-008
-4.57828e-009
-2.20369e-008
-3.36269e-008
-3.37635e-008
-2.17888e-008
-2.4183e-009
1.71178e-008
3.13109e-008
3.8803e-008
4.15928e-008
4.24752e-008
4.32532e-008
4.4874e-008
4.85854e-008
5.64087e-008
7.00722e-008
8.90891e-008
1.09692e-007
1.25943e-007
1.3265e-007
1.2805e-007
1.14214e-007
9.49095e-008
7.27619e-008
4.81982e-008
2.11189e-008
-6.3544e-009
-2.91636e-008
-4.2495e-008
-4.73436e-008
-5.40039e-008
-7.91e-008
-1.35445e-007
-2.19333e-007
-3.03527e-007
-3.43514e-007
-2.9857e-007
-1.594e-007
3.53992e-008
2.1344e-007
3.16416e-007
3.42276e-007

   Record Number: 5
   Aqu. Duration: 11.9603 ms
     Onset Delay: 0 ms
      No. Points: 292
    No. Averages: 722
   No. Artifacts: 0
      Start Time: Tue Dec 08 22:17

    SigGen Index: 11
       Variables: 
                  Level = 40 dB
                  Duration = 0.1 ms
                  Phase = 1 
                  Atten-A = 50 dB
-1.00099e-007
-1.35389e-007
-1.48679e-007
-1.4343e-007
-1.32765e-007
-1.31781e-007
-1.48452e-007
-1.79066e-007
-2.1118e-007
-2.3203e-007
-2.3655e-007
-2.29615e-007
-2.21349e-007
-2.19207e-007
-2.22498e-007
-2.22932e-007
-2.10649e-007
-1.81671e-007
-1.41795e-007
-1.04103e-007
-8.13293e-008
-7.78265e-008
-8.64225e-008
-9.24327e-008
-8.24195e-008
-5.22028e-008
-9.1595e-009
3.24651e-008
6.02249e-008
7.09432e-008
7.28436e-008
8.14703e-008
1.12001e-007
1.72286e-007
2.60015e-007
3.64477e-007
4.70739e-007
5.63401e-007
6.28661e-007
6.55251e-007
6.35582e-007
5.67653e-007
4.56972e-007
3.16863e-007
1.65882e-007
2.26297e-008
-9.97063e-008
-1.95956e-007
-2.66977e-007
-3.14528e-007
-3.37095e-007
-3.30364e-007
-2.92271e-007
-2.28404e-007
-1.52739e-007
-8.22772e-008
-2.90874e-008
4.88194e-009
2.7166e-008
4.93255e-008
8.01081e-008
1.20545e-007
1.62905e-007
1.93923e-007
2.01126e-007
1.79343e-007
1.33801e-007
7.77599e-008
2.59649e-008
-1.20927e-008
-3.50698e-008
-4.75468e-008
-5.48455e-008
-5.87232e-008
-5.67189e-008
-4.52291e-008
-2.40201e-008
7.30883e-010
1.66196e-008
8.37776e-009
-3.68781e-008
-1.24275e-007
-2.4763e-007
-3.89592e-007
-5.26351e-007
-6.35707e-007
-7.05035e-007
-7.35146e-007
-7.37905e-007
-7.28766e-007
-7.18073e-007
-7.05447e-007
-6.80036e-007
-6.26444e-007
-5.33312e-007
-4.00063e-007
-2.38289e-007
-6.72321e-008
9.40588e-008
2.33701e-007
3.49752e-007
4.47946e-007
5.36295e-007
6.19887e-007
6.98643e-007
7.68582e-007
8.24612e-007
8.62238e-007
8.77395e-007
8.66104e-007
8.2601e-007
7.59696e-007
6.77102e-007
5.94074e-007
5.26382e-007
4.8185e-007
4.55397e-007
4.30766e-007
3.88782e-007
3.17722e-007
2.19792e-007
1.09958e-007
7.9363e-009
-7.19033e-008
-1.26795e-007
-1.6469e-007
-1.97499e-007
-2.33347e-007
-2.72789e-007
-3.10922e-007
-3.43187e-007
-3.703e-007
-3.98424e-007
-4.34164e-007
-4.778e-007
-5.19777e-007
-5.43669e-007
-5.34546e-007
-4.87846e-007
-4.13153e-007
-3.30406e-007
-2.60843e-007
-2.17992e-007
-2.0346e-007
-2.08929e-007
-2.2207e-007
-2.32363e-007
-2.3385e-007
-2.24428e-007
-2.03514e-007
-1.7036e-007
-1.24309e-007
-6.6735e-008
-3.18863e-009
5.63037e-008
1.00086e-007
1.20176e-007
1.17075e-007
1.00541e-007
8.49597e-008
8.17059e-008
9.3227e-008
1.12594e-007
1.28653e-007
1.33419e-007
1.27067e-007
1.17382e-007
1.13952e-007
1.20882e-007
1.33116e-007
1.39226e-007
1.28986e-007
1.00633e-007
6.28352e-008
3.00453e-008
1.42279e-008
1.83133e-008
3.55594e-008
5.50611e-008
6.93379e-008
7.84134e-008
8.75381e-008
1.00802e-007
1.16132e-007
1.25833e-007
1.22242e-007
1.04045e-007
7.84876e-008
5.77001e-008
5.14201e-008
6.08208e-008
7.76091e-008
8.91534e-008
8.62254e-008
6.81348e-008
4.21485e-008
1.82885e-008
3.42688e-009
-1.70256e-009
-1.39993e-009
-1.2061e-009
-4.1308e-009
-9.19187e-009
-1.28614e-008
-1.2154e-008
-7.18785e-009
-1.52613e-009
-1.00403e-010
-6.05588e-009
-1.85249e-008
-3.2763e-008
-4.26597e-008
-4.41463e-008
-3.73845e-008
-2.64159e-008
-1.67043e-008
-1.22869e-008
-1.41197e-008
-2.01597e-008
-2.68226e-008
-3.10165e-008
-3.17494e-008
-3.0438e-008
-2.98044e-008
-3.22179e-008
-3.8616e-008
-4.84232e-008
-6.00257e-008
-7.12647e-008
-7.99363e-008
-8.44724e-008
-8.45531e-008
-8.11203e-008
-7.57284e-008
-6.97943e-008
-6.42458e-008
-5.95229e-008
-5.56592e-008
-5.24188e-008
-4.95944e-008
-4.73253e-008
-4.60534e-008
-4.5932e-008
-4.60336e-008
-4.40997e-008
-3.73902e-008
-2.43574e-008
-5.94368e-009
1.46985e-008
3.39528e-008
4.94224e-008
6.01229e-008
6.5383e-008
6.40541e-008
5.53174e-008
4.06844e-008
2.52782e-008
1.65961e-008
2.07378e-008
3.82042e-008
6.21637e-008
8.09025e-008
8.3696e-008
6.69659e-008
3.68719e-008
6.33425e-009
-1.19277e-008
-1.19348e-008
3.52855e-009
2.61547e-008
4.76331e-008
6.33305e-008
7.21888e-008
7.42421e-008
6.87449e-008
5.4689e-008
3.29832e-008
8.02896e-009
-1.31997e-008
-2.47044e-008
-2.57278e-008
-2.27004e-008
-2.65235e-008
-4.54592e-008
-7.73688e-008
-1.07179e-007
-1.13821e-007
-8.47302e-008
-2.83885e-008
2.75491e-008
5.67604e-008
5.54807e-008

   Record Number: 6
   Aqu. Duration: 11.9603 ms
     Onset Delay: 0 ms
      No. Points: 292
    No. Averages: 1024
   No. Artifacts: 0
      Start Time: Tue Dec 08 22:18

    SigGen Index: 13
       Variables: 
                  Level = 30 dB
                  Duration = 0.1 ms
                  Phase = 1 
                  Atten-A = 60 dB
-2.28896e-008
-1.5417e-008
-3.56608e-009
1.46607e-008
3.71765e-008
5.68327e-008
6.44844e-008
5.45533e-008
2.91205e-008
-2.60349e-009
-2.92035e-008
-4.30577e-008
-4.35838e-008
-3.60358e-008
-2.71545e-008
-2.08765e-008
-1.69389e-008
-1.28639e-008
-7.19751e-009
-1.14111e-009
2.53613e-009
1.90521e-009
-2.71126e-009
-9.37355e-009
-1.63103e-008
-2.31723e-008
-3.08654e-008
-4.04094e-008
-5.18881e-008
-6.41729e-008
-7.53553e-008
-8.3392e-008
-8.64625e-008
-8.28151e-008
-7.03088e-008
-4.62366e-008
-8.03878e-009
4.49705e-008
1.09562e-007
1.77629e-007
2.37578e-007
2.78064e-007
2.92187e-007
2.7947e-007
2.44352e-007
1.92554e-007
1.28268e-007
5.41255e-008
-2.65788e-008
-1.07768e-007
-1.80594e-007
-2.35727e-007
-2.66245e-007
-2.69132e-007
-2.44622e-007
-1.94436e-007
-1.20813e-007
-2.74783e-008
7.81704e-008
1.83876e-007
2.74306e-007
3.35762e-007
3.61399e-007
3.53712e-007
3.22546e-007
2.79682e-007
2.33102e-007
1.83992e-007
1.27888e-007
5.92148e-008
-2.31978e-008
-1.1274e-007
-1.96047e-007
-2.58285e-007
-2.89915e-007
-2.91015e-007
-2.70534e-007
-2.40916e-007
-2.1157e-007
-1.85465e-007
-1.6091e-007
-1.36653e-007
-1.15899e-007
-1.05854e-007
-1.13107e-007
-1.38422e-007
-1.74924e-007
-2.11159e-007
-2.37205e-007
-2.49863e-007
-2.53306e-007
-2.5444e-007
-2.55988e-007
-2.52474e-007
-2.3272e-007
-1.87717e-007
-1.18315e-007
-3.66845e-008
4.00535e-008
9.97309e-008
1.41563e-007
1.74703e-007
2.1034e-007
2.5323e-007
2.98504e-007
3.35467e-007
3.55223e-007
3.56717e-007
3.47249e-007
3.37258e-007
3.32915e-007
3.3159e-007
3.23568e-007
2.99092e-007
2.55826e-007
2.01235e-007
1.48063e-007
1.06338e-007
7.77439e-008
5.60807e-008
3.27976e-008
3.34198e-009
-2.97489e-008
-5.84776e-008
-7.44081e-008
-7.4094e-008
-6.17142e-008
-4.70697e-008
-3.9825e-008
-4.36494e-008
-5.44506e-008
-6.41202e-008
-6.69716e-008
-6.39139e-008
-6.13142e-008
-6.57401e-008
-7.87766e-008
-9.57266e-008
-1.08996e-007
-1.1373e-007
-1.11807e-007
-1.11288e-007
-1.21223e-007
-1.44863e-007
-1.7582e-007
-2.00366e-007
-2.05202e-007
-1.86012e-007
-1.50925e-007
-1.16055e-007
-9.57897e-008
-9.4368e-008
-1.04272e-007
-1.11943e-007
-1.0631e-007
-8.44183e-008
-5.13589e-008
-1.58853e-008
1.45453e-008
3.62592e-008
4.88578e-008
5.33929e-008
5.1239e-008
4.43262e-008
3.58536e-008
3.01926e-008
3.14698e-008
4.14332e-008
5.7894e-008
7.49724e-008
8.54839e-008
8.43999e-008
7.13303e-008
5.04219e-008
2.78678e-008
8.9451e-009
-3.39275e-009
-7.95156e-009
-4.12397e-009
8.25621e-009
2.78221e-008
5.07273e-008
7.13292e-008
8.45155e-008
8.81309e-008
8.3758e-008
7.53425e-008
6.6693e-008
5.95484e-008
5.33468e-008
4.65863e-008
3.87118e-008
3.13138e-008
2.78752e-008
3.19852e-008
4.47996e-008
6.33417e-008
8.11832e-008
9.16014e-008
9.13453e-008
8.23591e-008
7.00885e-008
5.95373e-008
5.20413e-008
4.51935e-008
3.57655e-008
2.30023e-008
9.4727e-009
-1.13009e-009
-7.24146e-009
-1.09924e-008
-1.69274e-008
-2.90316e-008
-4.83017e-008
-7.2295e-008
-9.64469e-008
-1.15955e-007
-1.27229e-007
-1.28658e-007
-1.20867e-007
-1.0659e-007
-9.00589e-008
-7.58647e-008
-6.74378e-008
-6.56943e-008
-6.85238e-008
-7.15661e-008
-7.01252e-008
-6.14733e-008
-4.64906e-008
-2.97446e-008
-1.77361e-008
-1.59054e-008
-2.56681e-008
-4.29228e-008
-5.91069e-008
-6.49332e-008
-5.5406e-008
-3.32689e-008
-8.15856e-009
8.77451e-009
1.16181e-008
3.23421e-009
-6.89824e-009
-8.89118e-009
1.6608e-009
2.17571e-008
4.35997e-008
5.95236e-008
6.61708e-008
6.56986e-008
6.36218e-008
6.48263e-008
7.03645e-008
7.71087e-008
8.04646e-008
7.82951e-008
7.32728e-008
7.17422e-008
7.94032e-008
9.64165e-008
1.15367e-007
1.24076e-007
1.12144e-007
7.73878e-008
2.80896e-008
-2.05282e-008
-5.37289e-008
-6.44968e-008
-5.65854e-008
-4.16969e-008
-3.25211e-008
-3.58436e-008
-4.97031e-008
-6.57601e-008
-7.48024e-008
-7.18741e-008
-5.8384e-008
-4.06422e-008
-2.62177e-008
-2.04062e-008
-2.45948e-008
-3.67015e-008
-5.23217e-008
-6.52294e-008
-6.76702e-008
-5.24276e-008
-1.74698e-008
2.97382e-008
7.38435e-008
1.01734e-007
1.12641e-007

   Record Number: 7
   Aqu. Duration: 11.9603 ms
     Onset Delay: 0 ms
      No. Points: 292
    No. Averages: 1024
   No. Artifacts: 0
      Start Time: Tue Dec 08 22:18

    SigGen Index: 14
       Variables: 
                  Level = 25 dB
                  Duration = 0.1 ms
                  Phase = 1 
                  Atten-A = 65 dB
5.26228e-008
5.38953e-008
3.88424e-008
1.57248e-008
-2.10026e-009
-4.58893e-009
7.93748e-009
2.42204e-008
2.88492e-008
1.22709e-008
-2.24538e-008
-6.07299e-008
-8.49051e-008
-8.48231e-008
-6.36708e-008
-3.53829e-008
-1.54182e-008
-1.10702e-008
-1.76884e-008
-2.30996e-008
-1.69549e-008
1.50152e-009
2.25369e-008
3.24778e-008
2.32027e-008
-2.00015e-009
-3.04254e-008
-4.86167e-008
-5.17059e-008
-4.66505e-008
-4.67171e-008
-6.09485e-008
-8.6383e-008
-1.09116e-007
-1.13677e-007
-9.37042e-008
-5.58957e-008
-1.4633e-008
1.8211e-008
4.06869e-008
6.05803e-008
8.84325e-008
1.2885e-007
1.75785e-007
2.14688e-007
2.30151e-007
2.14205e-007
1.70078e-007
1.09285e-007
4.44899e-008
-1.65664e-008
-7.19349e-008
-1.21244e-007
-1.60601e-007
-1.81475e-007
-1.7507e-007
-1.39064e-007
-8.13172e-008
-1.71794e-008
3.82664e-008
7.79098e-008
1.05161e-007
1.29816e-007
1.60201e-007
1.96884e-007
2.31852e-007
2.53279e-007
2.52533e-007
2.29082e-007
1.90514e-007
1.47712e-007
1.0803e-007
7.08233e-008
2.85783e-008
-2.66186e-008
-9.55063e-008
-1.68382e-007
-2.28889e-007
-2.62735e-007
-2.65602e-007
-2.44912e-007
-2.1454e-007
-1.86669e-007
-1.66627e-007
-1.53641e-007
-1.45574e-007
-1.4299e-007
-1.49113e-007
-1.65943e-007
-1.90041e-007
-2.11807e-007
-2.19471e-007
-2.05509e-007
-1.71306e-007
-1.26851e-007
-8.53755e-008
-5.61037e-008
-3.95257e-008
-2.79742e-008
-1.09608e-008
1.81799e-008
5.84165e-008
1.02083e-007
1.39892e-007
1.66549e-007
1.83436e-007
1.96875e-007
2.13298e-007
2.34669e-007
2.57189e-007
2.73907e-007
2.79054e-007
2.70996e-007
2.52139e-007
2.2653e-007
1.97332e-007
1.66013e-007
1.33424e-007
1.01277e-007
7.21893e-008
4.79652e-008
2.77804e-008
8.39822e-009
-1.32444e-008
-3.71308e-008
-5.95308e-008
-7.52847e-008
-8.11438e-008
-7.76342e-008
-6.84471e-008
-5.83097e-008
-5.09335e-008
-4.7993e-008
-4.92504e-008
-5.34763e-008
-5.95429e-008
-6.69387e-008
-7.53407e-008
-8.37178e-008
-8.99877e-008
-9.18832e-008
-8.86717e-008
-8.25185e-008
-7.82436e-008
-8.10957e-008
-9.35201e-008
-1.12872e-007
-1.3186e-007
-1.42031e-007
-1.38496e-007
-1.22844e-007
-1.02055e-007
-8.39146e-008
-7.20614e-008
-6.41016e-008
-5.40039e-008
-3.69767e-008
-1.34805e-008
1.02642e-008
2.56848e-008
2.71856e-008
1.61124e-008
6.76673e-010
-8.41615e-009
-4.03154e-009
1.35626e-008
3.76362e-008
5.99469e-008
7.61308e-008
8.77786e-008
9.99661e-008
1.16279e-007
1.3509e-007
1.49938e-007
1.53915e-007
1.44973e-007
1.28086e-007
1.12242e-007
1.0409e-007
1.02786e-007
9.99935e-008
8.54444e-008
5.44104e-008
1.19353e-008
-2.92402e-008
-5.58365e-008
-6.16587e-008
-5.08692e-008
-3.49613e-008
-2.53965e-008
-2.65763e-008
-3.37996e-008
-3.77447e-008
-3.23568e-008
-2.01544e-008
-1.05937e-008
-1.24419e-008
-2.59581e-008
-4.10914e-008
-4.35166e-008
-2.45422e-008
1.19709e-008
5.06135e-008
7.30186e-008
6.86668e-008
4.0995e-008
4.87164e-009
-2.28763e-008
-3.36519e-008
-3.13811e-008
-2.83776e-008
-3.59531e-008
-5.63391e-008
-8.12839e-008
-9.7926e-008
-9.7656e-008
-8.1929e-008
-6.12614e-008
-4.82473e-008
-4.93572e-008
-6.10019e-008
-7.2401e-008
-7.31936e-008
-6.05435e-008
-4.08224e-008
-2.46338e-008
-1.8687e-008
-2.05194e-008
-2.01396e-008
-7.46476e-009
1.99877e-008
5.47703e-008
8.40431e-008
9.76161e-008
9.40515e-008
8.10801e-008
7.04061e-008
7.03273e-008
8.07155e-008
9.34092e-008
9.78482e-008
8.84486e-008
6.87682e-008
4.93003e-008
4.01039e-008
4.34229e-008
5.17207e-008
5.26393e-008
3.73092e-008
6.13129e-009
-3.17477e-008
-6.43953e-008
-8.40245e-008
-9.0362e-008
-8.89343e-008
-8.62619e-008
-8.55087e-008
-8.51441e-008
-8.08608e-008
-6.90438e-008
-4.94925e-008
-2.5814e-008
-3.39468e-009
1.36301e-008
2.43537e-008
3.07903e-008
3.57779e-008
4.07984e-008
4.51856e-008
4.69403e-008
4.42851e-008
3.6844e-008
2.57974e-008
1.30868e-008
3.56923e-010
-1.15202e-008
-2.19884e-008
-2.99123e-008
-3.3252e-008
-2.99961e-008
-1.9994e-008
-6.25144e-009
5.82004e-009
1.13133e-008
9.04974e-009
2.56018e-009
-2.27887e-009
-1.47702e-009
4.09314e-009
9.48154e-009
9.97936e-009
4.93513e-009

   Record Number: 8
   Aqu. Duration: 11.9603 ms
     Onset Delay: 0 ms
      No. Points: 292
    No. Averages: 1024
   No. Artifacts: 0
      Start Time: Tue Dec 08 22:19

    SigGen Index: 15
       Variables: 
                  Level = 20 dB
                  Duration = 0.1 ms
                  Phase = 1 
                  Atten-A = 70 dB
2.83469e-009
1.35087e-008
1.88622e-008
1.70273e-008
1.01455e-008
3.03748e-009
-1.34202e-010
1.1909e-009
3.5236e-009
1.72444e-009
-7.26216e-009
-2.17923e-008
-3.59749e-008
-4.31983e-008
-4.03991e-008
-2.98829e-008
-1.7219e-008
-6.86383e-009
9.71674e-010
9.77768e-009
2.31505e-008
4.11733e-008
5.96339e-008
7.25529e-008
7.59768e-008
7.0317e-008
5.98792e-008
5.01926e-008
4.48319e-008
4.33786e-008
4.15594e-008
3.37082e-008
1.64749e-008
-8.39723e-009
-3.43157e-008
-5.33838e-008
-6.10433e-008
-5.85079e-008
-5.11529e-008
-4.41097e-008
-3.84884e-008
-3.10692e-008
-1.75069e-008
3.5385e-009
2.84163e-008
5.00072e-008
6.16593e-008
6.08493e-008
5.00457e-008
3.41632e-008
1.65274e-008
-3.39917e-009
-2.8483e-008
-5.96569e-008
-9.2532e-008
-1.18054e-007
-1.27165e-007
-1.16206e-007
-8.92963e-008
-5.6249e-008
-2.76133e-008
-9.85565e-009
-3.10784e-009
-2.26388e-009
-5.3369e-010
6.56431e-009
1.8987e-008
3.29316e-008
4.39225e-008
4.99984e-008
5.27283e-008
5.54122e-008
5.9982e-008
6.51111e-008
6.70401e-008
6.24468e-008
5.1144e-008
3.6646e-008
2.42824e-008
1.81844e-008
1.90533e-008
2.39714e-008
2.82391e-008
2.81177e-008
2.29185e-008
1.52392e-008
9.15122e-009
7.36633e-009
9.11145e-009
1.01158e-008
4.94509e-009
-9.49307e-009
-3.14335e-008
-5.46983e-008
-7.23239e-008
-8.11584e-008
-8.40746e-008
-8.79002e-008
-9.83141e-008
-1.15313e-007
-1.32494e-007
-1.40608e-007
-1.32898e-007
-1.08726e-007
-7.35682e-008
-3.59481e-008
-3.47121e-009
1.9946e-008
3.46831e-008
4.40813e-008
5.21532e-008
6.15866e-008
7.29914e-008
8.55232e-008
9.81225e-008
1.103e-007
1.21907e-007
1.32191e-007
1.38965e-007
1.38761e-007
1.28381e-007
1.07346e-007
7.96417e-008
5.29489e-008
3.50386e-008
2.93062e-008
3.24443e-008
3.6057e-008
3.14842e-008
1.49969e-008
-9.86662e-009
-3.43635e-008
-4.97338e-008
-5.21847e-008
-4.45513e-008
-3.38455e-008
-2.66729e-008
-2.56968e-008
-2.92107e-008
-3.35055e-008
-3.59484e-008
-3.65856e-008
-3.73732e-008
-3.98514e-008
-4.31657e-008
-4.40971e-008
-3.92767e-008
-2.8066e-008
-1.39968e-008
-3.60944e-009
-3.21785e-009
-1.54044e-008
-3.72205e-008
-6.11785e-008
-7.8647e-008
-8.39297e-008
-7.68733e-008
-6.26358e-008
-4.8833e-008
-4.16552e-008
-4.29462e-008
-4.9658e-008
-5.59265e-008
-5.66423e-008
-5.03961e-008
-3.98847e-008
-2.95439e-008
-2.22266e-008
-1.74091e-008
-1.20938e-008
-3.48896e-009
8.64434e-009
2.16984e-008
3.2172e-008
3.83815e-008
4.17663e-008
4.56671e-008
5.25623e-008
6.21301e-008
7.17786e-008
7.90464e-008
8.35896e-008
8.69298e-008
9.02654e-008
9.241e-008
8.97355e-008
7.82418e-008
5.62939e-008
2.63477e-008
-5.23708e-009
-3.03395e-008
-4.24334e-008
-3.96084e-008
-2.55093e-008
-7.53933e-009
6.59001e-009
1.19943e-008
8.06012e-009
-1.95714e-009
-1.26014e-008
-1.84889e-008
-1.65073e-008
-7.05156e-009
6.50405e-009
1.99973e-008
3.0952e-008
3.94782e-008
4.68579e-008
5.31062e-008
5.58944e-008
5.21189e-008
4.0913e-008
2.53537e-008
1.10531e-008
2.46073e-009
-2.62871e-010
-1.25934e-009
-5.73951e-009
-1.59422e-008
-2.93663e-008
-4.05353e-008
-4.47981e-008
-4.12885e-008
-3.31313e-008
-2.51917e-008
-2.12079e-008
-2.2081e-008
-2.59959e-008
-2.99787e-008
-3.19295e-008
-3.19847e-008
-3.22917e-008
-3.51716e-008
-4.08735e-008
-4.66943e-008
-4.84603e-008
-4.36443e-008
-3.3939e-008
-2.50692e-008
-2.33532e-008
-3.10381e-008
-4.38008e-008
-5.26398e-008
-4.92725e-008
-3.14515e-008
-4.48399e-009
2.20976e-008
4.03051e-008
4.78653e-008
4.81597e-008
4.65255e-008
4.59917e-008
4.551e-008
4.1548e-008
3.14233e-008
1.58018e-008
-1.21214e-009
-1.41243e-008
-1.87612e-008
-1.41951e-008
-3.19224e-009
8.78746e-009
1.56668e-008
1.33456e-008
1.93308e-009
-1.35527e-008
-2.48833e-008
-2.44253e-008
-9.32911e-009
1.631e-008
4.28989e-008
5.98825e-008
6.08314e-008
4.62092e-008
2.2544e-008
-1.05865e-009
-1.68843e-008
-2.1142e-008
-1.43761e-008
-3.31522e-010
1.56756e-008
2.8259e-008
3.33113e-008
2.91676e-008
1.71237e-008
8.67158e-010
-1.50109e-008
-2.67578e-008
-3.27908e-008
-3.40544e-008
-3.29083e-008
-3.11555e-008

   Record Number: 9
   Aqu. Duration: 11.9603 ms
     Onset Delay: 0 ms
      No. Points: 292
    No. Averages: 342
   No. Artifacts: 0
      Start Time: Tue Dec 08 22:19

    SigGen Index: 16
       Variables: 
                  Level = 15 dB
                  Duration = 0.1 ms
                  Phase = 1 
                  Atten-A = 75 dB
5.83299e-008
7.13427e-008
6.26396e-008
4.6433e-008
4.06503e-008
5.43969e-008
8.08489e-008
1.00499e-007
9.29369e-008
5.01802e-008
-1.64325e-008
-8.0342e-008
-1.13177e-007
-1.00075e-007
-4.78878e-008
1.87606e-008
7.11504e-008
9.14416e-008
8.01079e-008
5.23417e-008
2.70741e-008
1.63326e-008
2.12777e-008
3.58828e-008
5.38964e-008
7.31885e-008
9.45641e-008
1.17054e-007
1.34672e-007
1.38334e-007
1.22103e-007
8.88778e-008
5.0584e-008
2.20001e-008
1.21633e-008
1.91045e-008
3.13819e-008
3.54329e-008
2.40653e-008
6.28311e-010
-2.39042e-008
-3.89794e-008
-4.19626e-008
-3.94539e-008
-4.10088e-008
-4.96791e-008
-5.70643e-008
-4.80721e-008
-1.31193e-008
4.13704e-008
9.32348e-008
1.16808e-007
9.89607e-008
4.76376e-008
-1.30071e-008
-5.73762e-008
-7.30598e-008
-6.5954e-008
-5.34223e-008
-5.11771e-008
-6.32109e-008
-8.1116e-008
-9.21833e-008
-8.978e-008
-7.84248e-008
-7.01249e-008
-7.49675e-008
-9.31728e-008
-1.1471e-007
-1.26858e-007
-1.23919e-007
-1.11479e-007
-1.01768e-007
-1.03715e-007
-1.15489e-007
-1.25353e-007
-1.20248e-007
-9.57579e-008
-6.01053e-008
-2.91005e-008
-1.54755e-008
-2.00605e-008
-3.09984e-008
-3.15794e-008
-1.13433e-008
2.70881e-008
6.99765e-008
1.01644e-007
1.14355e-007
1.12243e-007
1.07141e-007
1.09757e-007
1.22352e-007
1.37563e-007
1.43745e-007
1.33024e-007
1.06699e-007
7.46592e-008
4.94527e-008
3.89503e-008
4.22613e-008
5.13882e-008
5.72995e-008
5.61061e-008
5.10618e-008
4.92005e-008
5.52088e-008
6.69597e-008
7.59812e-008
7.28572e-008
5.4107e-008
2.57044e-008
3.23111e-010
-1.031e-008
-2.87237e-009
1.55536e-008
3.23581e-008
3.75187e-008
2.91032e-008
1.26577e-008
-4.26227e-009
-1.78101e-008
-2.95252e-008
-4.31202e-008
-5.94157e-008
-7.38964e-008
-7.92627e-008
-7.13034e-008
-5.35036e-008
-3.6352e-008
-3.11534e-008
-4.24709e-008
-6.46291e-008
-8.48008e-008
-9.04941e-008
-7.64769e-008
-4.69935e-008
-1.23239e-008
1.78648e-008
3.99876e-008
5.7113e-008
7.42631e-008
9.21038e-008
1.04234e-007
1.00787e-007
7.62273e-008
3.56023e-008
-6.0697e-009
-3.20133e-008
-3.45196e-008
-2.07245e-008
-8.62076e-009
-1.54212e-008
-4.61415e-008
-9.0363e-008
-1.29277e-007
-1.47749e-007
-1.42915e-007
-1.23955e-007
-1.04298e-007
-9.25412e-008
-8.84025e-008
-8.57837e-008
-7.96672e-008
-7.10095e-008
-6.57909e-008
-6.93184e-008
-8.06518e-008
-9.16319e-008
-9.12075e-008
-7.1958e-008
-3.45224e-008
1.27133e-008
5.82588e-008
9.34819e-008
1.16188e-007
1.29729e-007
1.38594e-007
1.44032e-007
1.43338e-007
1.33501e-007
1.16015e-007
9.84102e-008
9.05318e-008
9.78966e-008
1.16884e-007
1.35675e-007
1.4115e-007
1.27567e-007
1.00876e-007
7.48847e-008
6.12139e-008
5.99362e-008
5.80471e-008
3.78509e-008
-9.77009e-009
-7.63083e-008
-1.37696e-007
-1.67062e-007
-1.50351e-007
-9.48302e-008
-2.51009e-008
3.05821e-008
5.48882e-008
4.80217e-008
2.32074e-008
-4.57707e-009
-2.81082e-008
-4.9343e-008
-7.31193e-008
-9.92317e-008
-1.19491e-007
-1.21955e-007
-9.91066e-008
-5.41283e-008
-9.54665e-010
4.21382e-008
6.15717e-008
5.48084e-008
3.04814e-008
2.61843e-009
-1.72025e-008
-2.47632e-008
-2.23091e-008
-1.33629e-008
1.73435e-009
2.51966e-008
5.64509e-008
8.71516e-008
1.01962e-007
8.62329e-008
3.64044e-008
-3.37477e-008
-9.65222e-008
-1.23718e-007
-1.03448e-007
-4.9322e-008
6.06524e-009
3.09693e-008
1.47892e-008
-2.56258e-008
-5.83582e-008
-5.85756e-008
-2.4707e-008
2.21867e-008
5.42632e-008
5.58684e-008
3.2163e-008
2.15053e-009
-1.75036e-008
-2.48372e-008
-3.15086e-008
-4.96351e-008
-7.79469e-008
-9.94538e-008
-9.34724e-008
-5.28533e-008
7.52006e-009
5.83843e-008
7.48268e-008
5.26289e-008
1.08347e-008
-2.06587e-008
-1.96345e-008
1.57397e-008
6.72872e-008
1.0905e-007
1.23213e-007
1.09853e-007
8.48519e-008
6.7816e-008
6.8172e-008
7.87825e-008
8.1462e-008
6.06628e-008
1.5758e-008
-3.69088e-008
-7.39795e-008
-8.04075e-008
-5.97578e-008
-3.24643e-008
-2.30244e-008
-4.43179e-008
-8.89921e-008
-1.33177e-007
-1.4999e-007
-1.24583e-007
-6.21205e-008
1.54131e-008
8.1779e-008
1.21893e-007
1.38947e-007

