ABR Group Header  ==================================
    Group Number: 0
         Records: 9
  SigGen File #1: TonePip_B_long505-100
  SigGen File #2: 
      Subject ID: 210308F1HL-post
    Reference #1: 20210416
    Reference #2: female
            Memo:  
      Start Time: Fri Apr 16 14:07
        End Time: Thu Apr 08 14:33
----------------------------------------------------

   Record Number: 0
   Aqu. Duration: 11.9603 ms
     Onset Delay: 0 ms
      No. Points: 292
    No. Averages: 692
   No. Artifacts: 0
      Start Time: Fri Apr 16 14:08

    SigGen Index: 1
       Variables: 
                  Freq = 4000 Hz
                  Level = 90 dB
                  Atten-A = 0 dB
                  Phase = 270 deg
                  Duration = 5 ms
                  GateTime = 0.5 ms
5.38266e-008
7.30194e-008
7.7929e-008
7.11746e-008
5.82424e-008
4.23642e-008
2.24862e-008
-4.2431e-009
-3.81622e-008
-7.5146e-008
-1.08898e-007
-1.35539e-007
-1.56613e-007
-1.78121e-007
-2.06351e-007
-2.43488e-007
-2.85885e-007
-3.26073e-007
-3.57458e-007
-3.78896e-007
-3.95955e-007
-4.17323e-007
-4.48248e-007
-4.85672e-007
-5.1906e-007
-5.36703e-007
-5.32536e-007
-5.07473e-007
-4.63557e-007
-3.95611e-007
-2.88184e-007
-1.22292e-007
1.1088e-007
3.97916e-007
7.00827e-007
9.66377e-007
1.14211e-006
1.19121e-006
1.10059e-006
8.81102e-007
5.62627e-007
1.87517e-007
-1.95433e-007
-5.36451e-007
-7.90472e-007
-9.23118e-007
-9.15836e-007
-7.68552e-007
-4.98818e-007
-1.37736e-007
2.75697e-007
6.99605e-007
1.09222e-006
1.41359e-006
1.62857e-006
1.713e-006
1.66143e-006
1.49129e-006
1.23906e-006
9.48307e-007
6.54883e-007
3.76804e-007
1.1383e-007
-1.43337e-007
-3.99217e-007
-6.42344e-007
-8.4279e-007
-9.60599e-007
-9.62037e-007
-8.3632e-007
-6.04616e-007
-3.16675e-007
-3.66321e-008
1.753e-007
2.77368e-007
2.52412e-007
1.06104e-007
-1.38642e-007
-4.4732e-007
-7.78605e-007
-1.08955e-006
-1.34219e-006
-1.51017e-006
-1.58276e-006
-1.56423e-006
-1.46908e-006
-1.31608e-006
-1.12375e-006
-9.08231e-007
-6.82505e-007
-4.55715e-007
-2.32843e-007
-1.57818e-008
1.93845e-007
3.91531e-007
5.68672e-007
7.14547e-007
8.20758e-007
8.85563e-007
9.15151e-007
9.2051e-007
9.11412e-007
8.91299e-007
8.56479e-007
8.00209e-007
7.18981e-007
6.16942e-007
5.05762e-007
4.00242e-007
3.12487e-007
2.47934e-007
2.04949e-007
1.77469e-007
1.58744e-007
1.44218e-007
1.32541e-007
1.24893e-007
1.23425e-007
1.29511e-007
1.42265e-007
1.5766e-007
1.68633e-007
1.66537e-007
1.43753e-007
9.66323e-008
2.74602e-008
-5.57208e-008
-1.41637e-007
-2.19551e-007
-2.82288e-007
-3.26939e-007
-3.53355e-007
-3.6209e-007
-3.53651e-007
-3.29424e-007
-2.93105e-007
-2.51022e-007
-2.10765e-007
-1.7886e-007
-1.58756e-007
-1.50037e-007
-1.49043e-007
-1.50549e-007
-1.49952e-007
-1.45143e-007
-1.37105e-007
-1.2853e-007
-1.21065e-007
-1.13208e-007
-1.00782e-007
-7.9761e-008
-4.90846e-008
-1.12301e-008
2.94014e-008
6.8358e-008
1.01601e-007
1.24715e-007
1.32454e-007
1.19997e-007
8.57468e-008
3.39639e-008
-2.47717e-008
-7.6159e-008
-1.06899e-007
-1.09301e-007
-8.35551e-008
-3.67036e-008
2.09728e-008
8.02415e-008
1.3562e-007
1.85128e-007
2.27654e-007
2.60307e-007
2.78194e-007
2.76956e-007
2.55835e-007
2.18432e-007
1.70501e-007
1.16897e-007
6.04157e-008
3.15871e-009
-5.14754e-008
-9.84978e-008
-1.33221e-007
-1.53664e-007
-1.61365e-007
-1.60047e-007
-1.53522e-007
-1.44601e-007
-1.35559e-007
-1.29225e-007
-1.29425e-007
-1.40067e-007
-1.63139e-007
-1.96705e-007
-2.34284e-007
-2.66315e-007
-2.83056e-007
-2.77393e-007
-2.46581e-007
-1.92996e-007
-1.24089e-007
-5.08378e-008
1.60043e-008
7.06585e-008
1.14809e-007
1.55274e-007
1.97998e-007
2.42866e-007
2.8333e-007
3.10954e-007
3.21171e-007
3.16143e-007
3.03404e-007
2.91909e-007
2.87993e-007
2.92774e-007
3.01558e-007
3.05388e-007
2.94487e-007
2.62429e-007
2.09282e-007
1.42226e-007
7.33548e-008
1.55892e-008
-2.17408e-008
-3.62929e-008
-3.41361e-008
-2.84768e-008
-3.53617e-008
-6.72539e-008
-1.27065e-007
-2.05933e-007
-2.86593e-007
-3.51028e-007
-3.8827e-007
-3.97878e-007
-3.87357e-007
-3.6579e-007
-3.3831e-007
-3.04791e-007
-2.62659e-007
-2.10812e-007
-1.51592e-007
-8.99078e-008
-3.10084e-008
2.09551e-008
6.27327e-008
9.12423e-008
1.04008e-007
1.01137e-007
8.72238e-008
7.09412e-008
6.16017e-008
6.4451e-008
7.78936e-008
9.48353e-008
1.07486e-007
1.12456e-007
1.12654e-007
1.1464e-007
1.2317e-007
1.3677e-007
1.47701e-007
1.46691e-007
1.2929e-007
9.93292e-008
6.69228e-008
4.2334e-008
2.99394e-008
2.63048e-008
2.33408e-008
1.39934e-008
-3.44856e-009
-2.49108e-008
-4.36414e-008
-5.44196e-008
-5.61635e-008
-5.17939e-008
-4.63701e-008
-4.54351e-008
-5.42573e-008
-7.65846e-008
-1.11344e-007
-1.48467e-007
-1.68311e-007
-1.49067e-007
-8.13436e-008
1.91434e-008
1.14669e-007
1.71017e-007
1.84298e-007

   Record Number: 1
   Aqu. Duration: 11.9603 ms
     Onset Delay: 0 ms
      No. Points: 292
    No. Averages: 660
   No. Artifacts: 0
      Start Time: Fri Apr 16 14:08

    SigGen Index: 3
       Variables: 
                  Freq = 4000 Hz
                  Level = 80 dB
                  Atten-A = 10 dB
                  Phase = 270 deg
                  Duration = 5 ms
                  GateTime = 0.5 ms
1.33552e-008
-1.1041e-008
-3.5732e-008
-5.3494e-008
-6.15252e-008
-6.32863e-008
-6.55934e-008
-7.30679e-008
-8.43284e-008
-9.31234e-008
-9.38377e-008
-8.73025e-008
-8.22853e-008
-9.09317e-008
-1.2078e-007
-1.68751e-007
-2.21648e-007
-2.63439e-007
-2.84733e-007
-2.88043e-007
-2.8531e-007
-2.89471e-007
-3.05965e-007
-3.29857e-007
-3.50196e-007
-3.5816e-007
-3.53083e-007
-3.42134e-007
-3.33871e-007
-3.29975e-007
-3.20678e-007
-2.87054e-007
-2.09124e-007
-7.51902e-008
1.12597e-007
3.38677e-007
5.78762e-007
8.04853e-007
9.878e-007
1.09808e-006
1.10809e-006
9.98602e-007
7.67997e-007
4.39068e-007
5.77792e-008
-3.17416e-007
-6.31335e-007
-8.45184e-007
-9.40868e-007
-9.16065e-007
-7.75641e-007
-5.26902e-007
-1.82443e-007
2.32118e-007
6.72743e-007
1.08032e-006
1.39377e-006
1.5677e-006
1.58647e-006
1.46773e-006
1.25366e-006
9.93718e-007
7.2654e-007
4.69341e-007
2.19143e-007
-3.58555e-008
-3.01565e-007
-5.67883e-007
-8.07858e-007
-9.8555e-007
-1.0681e-006
-1.03682e-006
-8.93914e-007
-6.63641e-007
-3.88226e-007
-1.19846e-007
8.9708e-008
1.99719e-007
1.8944e-007
6.27732e-008
-1.53362e-007
-4.17327e-007
-6.85017e-007
-9.2098e-007
-1.10374e-006
-1.22428e-006
-1.28071e-006
-1.27382e-006
-1.20621e-006
-1.08432e-006
-9.1997e-007
-7.28838e-007
-5.25876e-007
-3.20547e-007
-1.15274e-007
9.14434e-008
2.99002e-007
4.99816e-007
6.79405e-007
8.22171e-007
9.19431e-007
9.74056e-007
9.98012e-007
1.00407e-006
9.97267e-007
9.72068e-007
9.17085e-007
8.24502e-007
6.98158e-007
5.55178e-007
4.19795e-007
3.12743e-007
2.42234e-007
2.01605e-007
1.74673e-007
1.45475e-007
1.06871e-007
6.33157e-008
2.65058e-008
6.87542e-009
6.58121e-009
1.85787e-008
3.20309e-008
3.96944e-008
4.1619e-008
4.2492e-008
4.49599e-008
4.44117e-008
2.96374e-008
-1.06534e-008
-7.9828e-008
-1.69372e-007
-2.61805e-007
-3.38787e-007
-3.8947e-007
-4.14156e-007
-4.21506e-007
-4.21662e-007
-4.20017e-007
-4.15429e-007
-4.03173e-007
-3.79518e-007
-3.4413e-007
-2.98996e-007
-2.45803e-007
-1.84739e-007
-1.15771e-007
-4.09664e-008
3.43714e-008
1.02681e-007
1.56503e-007
1.90804e-007
2.04194e-007
1.9866e-007
1.78056e-007
1.46033e-007
1.04361e-007
5.2634e-008
-1.01416e-008
-8.25653e-008
-1.58178e-007
-2.2528e-007
-2.70315e-007
-2.83504e-007
-2.63424e-007
-2.17397e-007
-1.57147e-007
-9.24796e-008
-2.72398e-008
3.97989e-008
1.1016e-007
1.80924e-007
2.43761e-007
2.88515e-007
3.0886e-007
3.06325e-007
2.89957e-007
2.71278e-007
2.57088e-007
2.44732e-007
2.2377e-007
1.83924e-007
1.24263e-007
5.68898e-008
1.76242e-009
-2.45137e-008
-1.87071e-008
6.85626e-009
3.14432e-008
3.77324e-008
2.06694e-008
-1.20899e-008
-4.77927e-008
-7.84629e-008
-1.05899e-007
-1.38405e-007
-1.82042e-007
-2.33237e-007
-2.78562e-007
-3.02142e-007
-2.95586e-007
-2.63487e-007
-2.20422e-007
-1.81245e-007
-1.51227e-007
-1.23148e-007
-8.36673e-008
-2.45888e-008
4.91261e-008
1.20603e-007
1.70964e-007
1.91116e-007
1.87217e-007
1.76058e-007
1.73624e-007
1.84803e-007
2.01182e-007
2.0822e-007
1.96657e-007
1.70184e-007
1.43895e-007
1.34298e-007
1.47607e-007
1.7447e-007
1.94949e-007
1.90524e-007
1.552e-007
9.87696e-008
4.06467e-008
-1.41765e-009
-2.08383e-008
-2.4677e-008
-2.8314e-008
-4.60228e-008
-8.31856e-008
-1.34399e-007
-1.87815e-007
-2.32277e-007
-2.62545e-007
-2.79699e-007
-2.87344e-007
-2.87071e-007
-2.7678e-007
-2.52932e-007
-2.14646e-007
-1.66187e-007
-1.15669e-007
-7.06409e-008
-3.36226e-008
-8.90372e-010
3.44009e-008
7.67222e-008
1.23937e-007
1.67118e-007
1.94601e-007
1.97954e-007
1.76507e-007
1.37969e-007
9.48158e-008
5.85867e-008
3.54206e-008
2.51507e-008
2.36607e-008
2.62114e-008
2.95288e-008
3.20177e-008
3.29021e-008
3.14473e-008
2.68763e-008
1.88225e-008
7.77728e-009
-4.85108e-009
-1.70644e-008
-2.67625e-008
-3.21838e-008
-3.22249e-008
-2.66992e-008
-1.66236e-008
-4.47392e-009
5.88591e-009
9.9408e-009
3.96383e-009
-1.3174e-008
-3.8301e-008
-6.30567e-008
-7.52039e-008
-6.36884e-008
-2.67475e-008
2.21477e-008
5.8312e-008
6.22873e-008
3.46892e-008

   Record Number: 2
   Aqu. Duration: 11.9603 ms
     Onset Delay: 0 ms
      No. Points: 292
    No. Averages: 592
   No. Artifacts: 0
      Start Time: Fri Apr 16 14:09

    SigGen Index: 5
       Variables: 
                  Freq = 4000 Hz
                  Level = 70 dB
                  Atten-A = 20 dB
                  Phase = 270 deg
                  Duration = 5 ms
                  GateTime = 0.5 ms
7.01234e-008
4.92759e-008
2.96178e-008
1.15143e-008
-6.18855e-009
-2.43961e-008
-4.22119e-008
-5.7119e-008
-6.69885e-008
-7.23617e-008
-7.69788e-008
-8.57539e-008
-1.01467e-007
-1.22624e-007
-1.4419e-007
-1.60807e-007
-1.70399e-007
-1.75805e-007
-1.83279e-007
-1.98532e-007
-2.22611e-007
-2.50356e-007
-2.72832e-007
-2.82514e-007
-2.77763e-007
-2.63314e-007
-2.46484e-007
-2.32322e-007
-2.2177e-007
-2.14005e-007
-2.10137e-007
-2.14043e-007
-2.28691e-007
-2.50569e-007
-2.67059e-007
-2.59724e-007
-2.12258e-007
-1.18552e-007
1.37219e-008
1.65729e-007
3.14428e-007
4.39874e-007
5.29212e-007
5.76234e-007
5.78235e-007
5.33431e-007
4.41257e-007
3.05384e-007
1.36971e-007
-4.47625e-008
-2.15808e-007
-3.52863e-007
-4.37821e-007
-4.58829e-007
-4.08514e-007
-2.8265e-007
-8.22985e-008
1.80932e-007
4.80591e-007
7.76746e-007
1.02443e-006
1.186e-006
1.2418e-006
1.19451e-006
1.06577e-006
8.86955e-007
6.88047e-007
4.89373e-007
2.99412e-007
1.18864e-007
-5.24155e-008
-2.10183e-007
-3.45127e-007
-4.46406e-007
-5.06675e-007
-5.25434e-007
-5.09077e-007
-4.68264e-007
-4.14738e-007
-3.59532e-007
-3.12912e-007
-2.84926e-007
-2.851e-007
-3.20705e-007
-3.94249e-007
-5.01478e-007
-6.31044e-007
-7.66224e-007
-8.88075e-007
-9.78855e-007
-1.02474e-006
-1.01768e-006
-9.56625e-007
-8.48114e-007
-7.05294e-007
-5.44299e-007
-3.78782e-007
-2.1561e-007
-5.50129e-008
1.0465e-007
2.61153e-007
4.06254e-007
5.2884e-007
6.21016e-007
6.82673e-007
7.21082e-007
7.45589e-007
7.61141e-007
7.65331e-007
7.51049e-007
7.12585e-007
6.50728e-007
5.73537e-007
4.92657e-007
4.17869e-007
3.53212e-007
2.96695e-007
2.43304e-007
1.89192e-007
1.34523e-007
8.34424e-008
4.14957e-008
1.23339e-008
-4.14455e-009
-1.12994e-008
-1.37993e-008
-1.60656e-008
-2.20908e-008
-3.57343e-008
-5.98537e-008
-9.41873e-008
-1.34146e-007
-1.72708e-007
-2.04833e-007
-2.30922e-007
-2.56038e-007
-2.84969e-007
-3.16786e-007
-3.43072e-007
-3.51507e-007
-3.3291e-007
-2.8769e-007
-2.27622e-007
-1.71158e-007
-1.34175e-007
-1.21029e-007
-1.21104e-007
-1.13215e-007
-7.61447e-008
-2.05834e-010
1.06328e-007
2.19977e-007
3.1299e-007
3.66183e-007
3.75937e-007
3.51647e-007
3.06697e-007
2.50153e-007
1.84734e-007
1.10935e-007
3.24464e-008
-4.22426e-008
-1.03336e-007
-1.45329e-007
-1.70138e-007
-1.85212e-007
-1.97905e-007
-2.10287e-007
-2.18336e-007
-2.16017e-007
-2.00938e-007
-1.77075e-007
-1.52541e-007
-1.34167e-007
-1.22839e-007
-1.12903e-007
-9.61357e-008
-6.76933e-008
-2.98635e-008
9.06221e-009
3.98231e-008
5.71848e-008
6.1353e-008
5.55994e-008
4.30032e-008
2.5432e-008
5.34785e-009
-1.1849e-008
-1.80158e-008
-6.13232e-009
2.43063e-008
6.45612e-008
9.96322e-008
1.15957e-007
1.08919e-007
8.49966e-008
5.72985e-008
3.79768e-008
3.25389e-008
3.87415e-008
4.9366e-008
5.6511e-008
5.52669e-008
4.54329e-008
3.07935e-008
1.66245e-008
7.12139e-009
4.34459e-009
8.94071e-009
2.14054e-008
4.22487e-008
7.04961e-008
1.0177e-007
1.28249e-007
1.41836e-007
1.39012e-007
1.23524e-007
1.03904e-007
8.70889e-008
7.31989e-008
5.60051e-008
2.89087e-008
-8.30671e-009
-4.72874e-008
-7.53821e-008
-8.36609e-008
-7.32538e-008
-5.53642e-008
-4.4402e-008
-4.86479e-008
-6.49903e-008
-8.14711e-008
-8.56903e-008
-7.30961e-008
-4.97288e-008
-2.81676e-008
-1.98275e-008
-2.85033e-008
-4.86733e-008
-6.90927e-008
-7.93551e-008
-7.55466e-008
-6.1603e-008
-4.56629e-008
-3.41881e-008
-2.82216e-008
-2.42894e-008
-1.85706e-008
-1.05319e-008
-3.22498e-009
-5.50387e-010
-4.02029e-009
-1.14536e-008
-1.83784e-008
-2.11016e-008
-1.93233e-008
-1.63263e-008
-1.62864e-008
-2.04074e-008
-2.48298e-008
-2.23842e-008
-7.52534e-009
1.89126e-008
4.88761e-008
7.13082e-008
7.88205e-008
7.22056e-008
5.95067e-008
5.02154e-008
4.87965e-008
5.22877e-008
5.35703e-008
4.75078e-008
3.51167e-008
2.27938e-008
1.76127e-008
2.2392e-008
3.37101e-008
4.34334e-008
4.22698e-008
2.35872e-008
-1.36321e-008
-6.3423e-008
-1.13565e-007
-1.48467e-007
-1.53847e-007
-1.22557e-007
-5.99708e-008
1.46451e-008
7.5196e-008
1.04166e-007
1.03848e-007

   Record Number: 3
   Aqu. Duration: 11.9603 ms
     Onset Delay: 0 ms
      No. Points: 292
    No. Averages: 1000
   No. Artifacts: 0
      Start Time: Fri Apr 16 14:09

    SigGen Index: 7
       Variables: 
                  Freq = 4000 Hz
                  Level = 60 dB
                  Atten-A = 30 dB
                  Phase = 270 deg
                  Duration = 5 ms
                  GateTime = 0.5 ms
6.46516e-008
1.1444e-007
1.53206e-007
1.73563e-007
1.74729e-007
1.62688e-007
1.47322e-007
1.37239e-007
1.34648e-007
1.33635e-007
1.23785e-007
9.75666e-008
5.66733e-008
1.27028e-008
-1.88463e-008
-2.76549e-008
-1.49569e-008
6.80778e-009
2.0718e-008
1.42807e-008
-1.46065e-008
-5.76333e-008
-1.01409e-007
-1.34634e-007
-1.52863e-007
-1.58423e-007
-1.56386e-007
-1.50099e-007
-1.39787e-007
-1.24966e-007
-1.0807e-007
-9.55506e-008
-9.49185e-008
-1.09797e-007
-1.36957e-007
-1.67741e-007
-1.92733e-007
-2.06146e-007
-2.06865e-007
-1.95959e-007
-1.7321e-007
-1.35965e-007
-8.16307e-008
-1.19143e-008
6.4989e-008
1.36703e-007
1.92243e-007
2.26741e-007
2.41769e-007
2.41125e-007
2.25489e-007
1.90197e-007
1.28206e-007
3.67803e-008
-7.62678e-008
-1.9116e-007
-2.8153e-007
-3.24456e-007
-3.09699e-007
-2.42642e-007
-1.39163e-007
-1.58952e-008
1.17531e-007
2.59029e-007
4.07352e-007
5.53716e-007
6.78949e-007
7.59539e-007
7.79227e-007
7.38162e-007
6.52728e-007
5.45577e-007
4.32692e-007
3.16695e-007
1.91089e-007
5.1872e-008
-9.24942e-008
-2.20694e-007
-3.08719e-007
-3.43873e-007
-3.32948e-007
-2.98899e-007
-2.68284e-007
-2.57905e-007
-2.69103e-007
-2.92438e-007
-3.1826e-007
-3.4507e-007
-3.79888e-007
-4.31001e-007
-4.98918e-007
-5.72322e-007
-6.31951e-007
-6.59831e-007
-6.47748e-007
-5.99595e-007
-5.26563e-007
-4.39107e-007
-3.41725e-007
-2.34071e-007
-1.16586e-007
4.87025e-009
1.19865e-007
2.19283e-007
3.01385e-007
3.72889e-007
4.43821e-007
5.19611e-007
5.9584e-007
6.59339e-007
6.95116e-007
6.94768e-007
6.60878e-007
6.04557e-007
5.38134e-007
4.68325e-007
3.94532e-007
3.12847e-007
2.22179e-007
1.27663e-007
3.88312e-008
-3.5845e-008
-9.38146e-008
-1.3913e-007
-1.78828e-007
-2.18089e-007
-2.57682e-007
-2.94775e-007
-3.254e-007
-3.46117e-007
-3.54017e-007
-3.46303e-007
-3.21117e-007
-2.79848e-007
-2.29108e-007
-1.80004e-007
-1.43976e-007
-1.27179e-007
-1.26887e-007
-1.32445e-007
-1.3066e-007
-1.12853e-007
-7.9561e-008
-3.99442e-008
-6.09325e-009
1.42445e-008
2.18097e-008
2.42391e-008
3.01247e-008
4.31433e-008
6.04643e-008
7.62936e-008
8.74554e-008
9.64424e-008
1.09515e-007
1.31468e-007
1.61331e-007
1.92411e-007
2.16523e-007
2.28944e-007
2.30235e-007
2.23772e-007
2.11389e-007
1.91055e-007
1.58768e-007
1.1321e-007
5.92969e-008
7.44408e-009
-3.1507e-008
-5.26267e-008
-6.02121e-008
-6.53956e-008
-7.90539e-008
-1.04576e-007
-1.35659e-007
-1.60908e-007
-1.71883e-007
-1.68534e-007
-1.58101e-007
-1.48763e-007
-1.43188e-007
-1.36847e-007
-1.22039e-007
-9.44049e-008
-5.70892e-008
-1.95663e-008
8.00636e-009
2.08474e-008
2.17354e-008
1.79031e-008
1.51242e-008
1.35105e-008
8.23103e-009
-5.33329e-009
-2.59098e-008
-4.46868e-008
-4.95265e-008
-3.25896e-008
3.81426e-009
4.73832e-008
8.21324e-008
9.67816e-008
8.99027e-008
6.89792e-008
4.47449e-008
2.51082e-008
1.26413e-008
6.45011e-009
5.7723e-009
1.16853e-008
2.54485e-008
4.52435e-008
6.46392e-008
7.48525e-008
6.98824e-008
5.11317e-008
2.80163e-008
1.34857e-008
1.6727e-008
3.73657e-008
6.48892e-008
8.40957e-008
8.36586e-008
6.26169e-008
3.05291e-008
1.09035e-009
-1.64066e-008
-2.1844e-008
-2.22736e-008
-2.52548e-008
-3.29167e-008
-4.11249e-008
-4.39336e-008
-3.94675e-008
-3.2433e-008
-3.11683e-008
-4.13689e-008
-6.12108e-008
-8.16127e-008
-9.15799e-008
-8.48509e-008
-6.32825e-008
-3.501e-008
-9.20451e-009
8.65379e-009
1.79476e-008
2.0463e-008
1.70187e-008
6.41835e-009
-1.22687e-008
-3.6249e-008
-5.78657e-008
-6.75658e-008
-5.94101e-008
-3.53269e-008
-4.91623e-009
1.94461e-008
2.9289e-008
2.43472e-008
1.18331e-008
1.38231e-009
-7.31365e-010
5.69259e-009
1.63585e-008
2.64004e-008
3.34872e-008
3.81547e-008
4.17487e-008
4.40708e-008
4.28453e-008
3.55176e-008
2.19242e-008
5.61549e-009
-7.36002e-009
-1.15373e-008
-5.09147e-009
8.89372e-009
2.36521e-008
3.1948e-008
2.979e-008
1.86382e-008
4.56145e-009
-5.46548e-009
-7.85331e-009
-4.32926e-009
-1.84885e-010
-3.00356e-010
-6.0234e-009
-1.50537e-008
-2.3905e-008
-3.05918e-008
-3.53702e-008

   Record Number: 4
   Aqu. Duration: 11.9603 ms
     Onset Delay: 0 ms
      No. Points: 292
    No. Averages: 1000
   No. Artifacts: 0
      Start Time: Fri Apr 16 14:10

    SigGen Index: 9
       Variables: 
                  Freq = 4000 Hz
                  Level = 50 dB
                  Atten-A = 40 dB
                  Phase = 270 deg
                  Duration = 5 ms
                  GateTime = 0.5 ms
1.39385e-008
6.06161e-009
3.47119e-009
7.03895e-009
1.49526e-008
2.38306e-008
3.06994e-008
3.45093e-008
3.61245e-008
3.68038e-008
3.64466e-008
3.32074e-008
2.50224e-008
1.19374e-008
-2.69316e-009
-1.33087e-008
-1.49963e-008
-6.24727e-009
1.01513e-008
2.85687e-008
4.33226e-008
5.11125e-008
5.18135e-008
4.74305e-008
4.00491e-008
3.01027e-008
1.60214e-008
-4.53271e-009
-3.26244e-008
-6.64905e-008
-1.01507e-007
-1.31838e-007
-1.52876e-007
-1.63079e-007
-1.64264e-007
-1.60461e-007
-1.56219e-007
-1.55161e-007
-1.59133e-007
-1.67797e-007
-1.78415e-007
-1.85734e-007
-1.8244e-007
-1.6096e-007
-1.16794e-007
-5.1928e-008
2.40828e-008
9.67799e-008
1.52076e-007
1.81095e-007
1.8187e-007
1.57496e-007
1.12745e-007
5.1889e-008
-2.09115e-008
-9.96942e-008
-1.75535e-007
-2.37632e-007
-2.76118e-007
-2.84748e-007
-2.61844e-007
-2.09198e-007
-1.29879e-007
-2.65112e-008
9.86588e-008
2.41645e-007
3.93749e-007
5.40006e-007
6.61104e-007
7.38976e-007
7.6383e-007
7.38638e-007
6.77782e-007
5.99684e-007
5.17249e-007
4.32077e-007
3.36622e-007
2.23311e-007
9.44435e-008
-3.45293e-008
-1.41394e-007
-2.09313e-007
-2.36513e-007
-2.36988e-007
-2.32047e-007
-2.38739e-007
-2.62764e-007
-2.99602e-007
-3.41628e-007
-3.85262e-007
-4.33062e-007
-4.8978e-007
-5.55796e-007
-6.22918e-007
-6.75672e-007
-6.97395e-007
-6.77455e-007
-6.15425e-007
-5.20161e-007
-4.04965e-007
-2.8221e-007
-1.60483e-007
-4.49574e-008
6.08227e-008
1.54063e-007
2.33486e-007
3.00274e-007
3.57229e-007
4.05905e-007
4.4406e-007
4.66254e-007
4.67949e-007
4.50008e-007
4.19614e-007
3.86487e-007
3.57151e-007
3.314e-007
3.03134e-007
2.64712e-007
2.12128e-007
1.48172e-007
8.17288e-008
2.32806e-008
-2.10015e-008
-5.28647e-008
-8.066e-008
-1.13732e-007
-1.56218e-007
-2.0437e-007
-2.48857e-007
-2.79961e-007
-2.91956e-007
-2.84372e-007
-2.60507e-007
-2.25216e-007
-1.83409e-007
-1.39173e-007
-9.49619e-008
-5.11592e-008
-6.99712e-009
3.71912e-008
7.8176e-008
1.10489e-007
1.29469e-007
1.34274e-007
1.28348e-007
1.17105e-007
1.04939e-007
9.39047e-008
8.45123e-008
7.71471e-008
7.24746e-008
7.066e-008
7.06629e-008
7.08057e-008
7.0429e-008
7.11461e-008
7.62697e-008
8.83793e-008
1.06519e-007
1.24981e-007
1.34829e-007
1.27791e-007
1.00602e-007
5.71909e-008
7.07615e-009
-3.93136e-008
-7.55347e-008
-1.01235e-007
-1.20444e-007
-1.37552e-007
-1.53781e-007
-1.66304e-007
-1.70252e-007
-1.62038e-007
-1.41857e-007
-1.13985e-007
-8.50004e-008
-6.11116e-008
-4.60291e-008
-4.01149e-008
-4.06738e-008
-4.28701e-008
-4.10281e-008
-3.04322e-008
-9.4991e-009
1.86005e-008
4.62625e-008
6.43964e-008
6.69343e-008
5.43065e-008
3.33973e-008
1.362e-008
1.54873e-009
-2.20941e-009
-1.78635e-009
-1.65638e-009
-2.62141e-009
-1.29245e-009
6.60868e-009
2.17302e-008
3.88671e-008
4.88968e-008
4.3844e-008
2.19372e-008
-1.05882e-008
-4.23126e-008
-6.26107e-008
-6.71627e-008
-5.95356e-008
-4.79725e-008
-3.97094e-008
-3.66121e-008
-3.48334e-008
-2.84367e-008
-1.4298e-008
5.22798e-009
2.37592e-008
3.53077e-008
3.83235e-008
3.63498e-008
3.48917e-008
3.69221e-008
4.0358e-008
3.93296e-008
2.8397e-008
6.88939e-009
-1.95312e-008
-4.12093e-008
-4.94204e-008
-4.09705e-008
-1.97668e-008
5.43465e-009
2.54963e-008
3.48027e-008
3.27215e-008
2.27245e-008
1.0485e-008
1.99343e-009
1.89648e-009
1.20208e-008
3.04291e-008
5.16651e-008
6.85553e-008
7.51372e-008
6.94685e-008
5.48202e-008
3.83801e-008
2.78215e-008
2.73016e-008
3.50307e-008
4.40923e-008
4.65664e-008
3.87916e-008
2.42485e-008
1.15787e-008
8.61603e-009
1.66135e-008
2.90635e-008
3.60568e-008
3.08527e-008
1.38125e-008
-8.90025e-009
-3.04256e-008
-4.79154e-008
-6.31452e-008
-7.88176e-008
-9.40725e-008
-1.0343e-007
-1.00411e-007
-8.30801e-008
-5.70928e-008
-3.36764e-008
-2.35062e-008
-3.02239e-008
-4.76779e-008
-6.28278e-008
-6.29229e-008
-4.29434e-008
-8.94162e-009
2.48342e-008
4.35164e-008
3.95746e-008
1.67016e-008
-1.22012e-008
-3.13722e-008
-2.94839e-008
-4.84757e-009
3.34582e-008
6.99465e-008
9.23213e-008
9.94467e-008

   Record Number: 5
   Aqu. Duration: 11.9603 ms
     Onset Delay: 0 ms
      No. Points: 292
    No. Averages: 1000
   No. Artifacts: 0
      Start Time: Fri Apr 16 14:11

    SigGen Index: 11
       Variables: 
                  Freq = 4000 Hz
                  Level = 40 dB
                  Atten-A = 50 dB
                  Phase = 270 deg
                  Duration = 5 ms
                  GateTime = 0.5 ms
4.08217e-008
2.36895e-008
4.46235e-009
-1.66114e-008
-3.81228e-008
-5.6356e-008
-6.59772e-008
-6.29185e-008
-4.78441e-008
-2.75055e-008
-1.23224e-008
-1.11789e-008
-2.66033e-008
-5.33296e-008
-8.09284e-008
-9.8772e-008
-1.00747e-007
-8.7724e-008
-6.68486e-008
-4.79629e-008
-3.87971e-008
-4.13966e-008
-5.1662e-008
-6.21082e-008
-6.61609e-008
-6.15265e-008
-5.07968e-008
-3.91852e-008
-3.11068e-008
-2.78791e-008
-2.77115e-008
-2.74205e-008
-2.43904e-008
-1.76603e-008
-7.94252e-009
3.01344e-009
1.32118e-008
2.10166e-008
2.54164e-008
2.6005e-008
2.29527e-008
1.7219e-008
1.08818e-008
7.05619e-009
8.98404e-009
1.8542e-008
3.50569e-008
5.53423e-008
7.51904e-008
9.15509e-008
1.03944e-007
1.1395e-007
1.23027e-007
1.3044e-007
1.33159e-007
1.27904e-007
1.13388e-007
9.05271e-008
6.03261e-008
2.16282e-008
-2.86016e-008
-9.1902e-008
-1.64199e-007
-2.34318e-007
-2.86789e-007
-3.07625e-007
-2.8986e-007
-2.3597e-007
-1.56301e-007
-6.47625e-008
2.59259e-008
1.07441e-007
1.76591e-007
2.33777e-007
2.80241e-007
3.1558e-007
3.36892e-007
3.40052e-007
3.22396e-007
2.85102e-007
2.33565e-007
1.75359e-007
1.17056e-007
6.2028e-008
1.05127e-008
-3.85077e-008
-8.53115e-008
-1.28853e-007
-1.67774e-007
-2.01829e-007
-2.32202e-007
-2.60195e-007
-2.85319e-007
-3.04576e-007
-3.14024e-007
-3.1186e-007
-3.00831e-007
-2.87908e-007
-2.8085e-007
-2.83429e-007
-2.92206e-007
-2.97046e-007
-2.85335e-007
-2.47627e-007
-1.81688e-007
-9.31627e-008
6.90205e-009
1.06065e-007
1.9427e-007
2.66176e-007
3.2156e-007
3.63999e-007
3.98601e-007
4.29675e-007
4.58985e-007
4.84928e-007
5.02746e-007
5.05723e-007
4.87256e-007
4.43509e-007
3.75854e-007
2.91739e-007
2.02904e-007
1.21213e-007
5.39758e-008
1.204e-009
-4.35957e-008
-8.93503e-008
-1.42131e-007
-2.01494e-007
-2.60458e-007
-3.0908e-007
-3.39569e-007
-3.50202e-007
-3.46139e-007
-3.36883e-007
-3.3155e-007
-3.34135e-007
-3.41332e-007
-3.44484e-007
-3.34796e-007
-3.08458e-007
-2.68216e-007
-2.20784e-007
-1.72684e-007
-1.27799e-007
-8.76926e-008
-5.30907e-008
-2.44829e-008
-1.41431e-009
1.82531e-008
3.779e-008
5.98537e-008
8.49002e-008
1.10982e-007
1.34985e-007
1.5438e-007
1.68493e-007
1.7878e-007
1.88047e-007
1.98908e-007
2.1229e-007
2.26953e-007
2.40338e-007
2.50022e-007
2.54621e-007
2.53702e-007
2.47303e-007
2.35833e-007
2.20334e-007
2.02361e-007
1.83049e-007
1.62034e-007
1.37365e-007
1.06779e-007
6.93996e-008
2.65049e-008
-1.90671e-008
-6.40699e-008
-1.05359e-007
-1.3954e-007
-1.62812e-007
-1.72184e-007
-1.6785e-007
-1.54885e-007
-1.42331e-007
-1.39454e-007
-1.51032e-007
-1.74371e-007
-1.99964e-007
-2.15798e-007
-2.1333e-007
-1.91852e-007
-1.58602e-007
-1.24512e-007
-9.83762e-008
-8.3108e-008
-7.58163e-008
-7.07108e-008
-6.24639e-008
-4.83167e-008
-2.86082e-008
-6.19119e-009
1.48731e-008
3.11205e-008
4.14597e-008
4.79057e-008
5.44374e-008
6.42835e-008
7.7333e-008
8.97107e-008
9.61636e-008
9.36812e-008
8.36981e-008
7.13054e-008
6.21358e-008
5.91343e-008
6.12882e-008
6.48886e-008
6.61307e-008
6.31403e-008
5.63427e-008
4.75795e-008
3.90392e-008
3.25087e-008
2.87363e-008
2.6886e-008
2.47238e-008
2.00113e-008
1.23638e-008
3.96692e-009
-1.67768e-009
-2.08104e-009
2.55954e-009
9.3184e-009
1.38661e-008
1.23789e-008
3.38701e-009
-1.10441e-008
-2.55846e-008
-3.38864e-008
-3.21944e-008
-2.23032e-008
-1.14884e-008
-8.62756e-009
-1.84978e-008
-3.80535e-008
-5.75921e-008
-6.64562e-008
-5.96391e-008
-4.08428e-008
-1.9899e-008
-6.37132e-009
-3.77427e-009
-8.19927e-009
-1.18448e-008
-8.67607e-009
1.52267e-009
1.30282e-008
1.79045e-008
1.13315e-008
-4.78231e-009
-2.24185e-008
-3.21525e-008
-2.88904e-008
-1.47533e-008
2.76921e-009
1.59288e-008
2.14396e-008
2.16532e-008
2.17375e-008
2.52888e-008
3.17202e-008
3.71665e-008
3.78675e-008
3.3206e-008
2.60591e-008
2.03201e-008
1.75657e-008
1.54009e-008
8.84033e-009
-6.00773e-009
-2.8424e-008
-5.22909e-008
-6.87653e-008
-7.07259e-008
-5.62476e-008
-2.93046e-008
2.25573e-009
3.03104e-008
5.03509e-008
6.33148e-008

   Record Number: 6
   Aqu. Duration: 11.9603 ms
     Onset Delay: 0 ms
      No. Points: 292
    No. Averages: 1000
   No. Artifacts: 0
      Start Time: Fri Apr 16 14:12

    SigGen Index: 13
       Variables: 
                  Freq = 4000 Hz
                  Level = 30 dB
                  Atten-A = 60 dB
                  Phase = 270 deg
                  Duration = 5 ms
                  GateTime = 0.5 ms
-4.59124e-008
-4.2342e-008
-2.7569e-008
-6.36384e-009
1.18811e-008
1.86602e-008
1.23051e-008
-7.23799e-011
-6.48416e-009
2.44212e-009
2.71759e-008
5.83594e-008
8.20533e-008
8.79352e-008
7.51727e-008
5.21892e-008
3.07145e-008
1.83492e-008
1.45812e-008
1.24847e-008
4.44175e-009
-1.21936e-008
-3.32493e-008
-5.08391e-008
-5.91687e-008
-5.87974e-008
-5.60684e-008
-5.79268e-008
-6.59271e-008
-7.41152e-008
-7.27891e-008
-5.57131e-008
-2.55933e-008
6.24449e-009
2.59537e-008
2.51662e-008
5.89912e-009
-2.06879e-008
-4.10332e-008
-4.72286e-008
-4.10762e-008
-3.13408e-008
-2.61839e-008
-2.63663e-008
-2.4389e-008
-1.05011e-008
1.8635e-008
5.52014e-008
8.35487e-008
8.98143e-008
7.10808e-008
3.74299e-008
5.56199e-009
-1.11422e-008
-9.10577e-009
6.13925e-009
2.59987e-008
4.50689e-008
6.33428e-008
8.36931e-008
1.072e-007
1.29872e-007
1.43044e-007
1.37378e-007
1.08228e-007
5.91493e-008
1.19517e-009
-5.18755e-008
-8.97978e-008
-1.09815e-007
-1.16342e-007
-1.1684e-007
-1.16617e-007
-1.1573e-007
-1.09745e-007
-9.3679e-008
-6.61852e-008
-3.0719e-008
7.1544e-009
4.374e-008
7.87237e-008
1.12901e-007
1.4456e-007
1.68266e-007
1.77523e-007
1.69254e-007
1.46546e-007
1.17484e-007
9.08075e-008
7.12496e-008
5.75269e-008
4.40877e-008
2.51793e-008
-1.67294e-009
-3.4909e-008
-7.07481e-008
-1.05675e-007
-1.37838e-007
-1.67012e-007
-1.93912e-007
-2.19623e-007
-2.45224e-007
-2.71238e-007
-2.96764e-007
-3.18815e-007
-3.32642e-007
-3.33316e-007
-3.17689e-007
-2.85373e-007
-2.38134e-007
-1.78544e-007
-1.09321e-007
-3.37425e-008
4.38146e-008
1.18415e-007
1.86112e-007
2.45119e-007
2.95336e-007
3.36547e-007
3.66999e-007
3.83822e-007
3.85043e-007
3.71602e-007
3.47783e-007
3.19698e-007
2.92631e-007
2.68601e-007
2.45394e-007
2.17723e-007
1.80261e-007
1.31175e-007
7.42514e-008
1.82106e-008
-2.68204e-008
-5.40942e-008
-6.37865e-008
-6.32325e-008
-6.3539e-008
-7.43138e-008
-9.92695e-008
-1.34858e-007
-1.72444e-007
-2.02783e-007
-2.20451e-007
-2.25831e-007
-2.2362e-007
-2.18955e-007
-2.13799e-007
-2.06005e-007
-1.9162e-007
-1.68815e-007
-1.4064e-007
-1.14404e-007
-9.76698e-008
-9.33913e-008
-9.77123e-008
-1.0224e-007
-9.92884e-008
-8.62882e-008
-6.62335e-008
-4.41911e-008
-2.28718e-008
-7.60515e-010
2.58644e-008
5.87306e-008
9.45915e-008
1.26013e-007
1.45606e-007
1.50642e-007
1.4462e-007
1.3471e-007
1.27044e-007
1.23166e-007
1.19912e-007
1.12657e-007
9.96939e-008
8.46487e-008
7.48645e-008
7.64355e-008
8.92706e-008
1.05895e-007
1.15075e-007
1.07903e-007
8.25369e-008
4.49975e-008
6.02753e-009
-2.3981e-008
-3.93491e-008
-4.07874e-008
-3.38213e-008
-2.51097e-008
-1.90569e-008
-1.68727e-008
-1.82303e-008
-2.34193e-008
-3.34998e-008
-4.79741e-008
-6.22163e-008
-6.78034e-008
-5.68468e-008
-2.78898e-008
1.10246e-008
4.5035e-008
5.99307e-008
5.00646e-008
2.1782e-008
-9.97837e-009
-3.01171e-008
-3.19078e-008
-2.05533e-008
-9.65967e-009
-1.28467e-008
-3.56938e-008
-7.28259e-008
-1.1142e-007
-1.38315e-007
-1.46155e-007
-1.35392e-007
-1.12e-007
-8.3244e-008
-5.4474e-008
-2.86463e-008
-7.9404e-009
4.88041e-009
7.35298e-009
3.36027e-012
-1.19226e-008
-2.01973e-008
-1.83949e-008
-6.33693e-009
9.41893e-009
1.99141e-008
2.02464e-008
1.3641e-008
9.93484e-009
1.90352e-008
4.36567e-008
7.65138e-008
1.04204e-007
1.15295e-007
1.07178e-007
8.7187e-008
6.74905e-008
5.7363e-008
5.79223e-008
6.24707e-008
6.17573e-008
5.04587e-008
3.07629e-008
1.10062e-008
3.99942e-010
3.27387e-009
1.65404e-008
3.18588e-008
4.06829e-008
3.85995e-008
2.64906e-008
8.77471e-009
-9.33033e-009
-2.39642e-008
-3.38052e-008
-4.02355e-008
-4.62161e-008
-5.40179e-008
-6.31579e-008
-7.03682e-008
-7.20571e-008
-6.74734e-008
-5.98877e-008
-5.45468e-008
-5.47678e-008
-5.91216e-008
-6.19322e-008
-5.68282e-008
-4.08543e-008
-1.64032e-008
1.00503e-008
3.13221e-008
4.29315e-008
4.48851e-008
4.11885e-008
3.74247e-008
3.75542e-008
4.16241e-008
4.5804e-008
4.48351e-008
3.53762e-008
1.81901e-008
-2.0025e-009
-1.89293e-008
-2.85509e-008
-3.15686e-008

   Record Number: 11
   Aqu. Duration: 11.9603 ms
     Onset Delay: 0 ms
      No. Points: 292
    No. Averages: 1000
   No. Artifacts: 0
      Start Time: Fri Apr 16 14:15

    SigGen Index: 14
       Variables: 
                  Freq = 4000 Hz
                  Level = 25 dB
                  Atten-A = 65 dB
                  Phase = 270 deg
                  Duration = 5 ms
                  GateTime = 0.5 ms
7.48679e-008
1.2307e-007
1.5132e-007
1.49891e-007
1.23502e-007
8.99112e-008
6.97699e-008
7.38397e-008
9.62867e-008
1.18869e-007
1.23116e-007
1.01939e-007
6.29494e-008
2.21527e-008
-6.65163e-009
-1.93674e-008
-2.17907e-008
-2.35868e-008
-3.0894e-008
-4.26271e-008
-5.25961e-008
-5.54118e-008
-5.14993e-008
-4.7277e-008
-5.02865e-008
-6.298e-008
-7.99477e-008
-9.08493e-008
-8.71802e-008
-6.82272e-008
-4.20152e-008
-2.04003e-008
-1.15074e-008
-1.47194e-008
-2.1882e-008
-2.40489e-008
-1.87974e-008
-1.22167e-008
-1.34528e-008
-2.58143e-008
-4.1922e-008
-4.77249e-008
-3.30512e-008
-6.19195e-010
3.38887e-008
5.14167e-008
4.21644e-008
1.22876e-008
-1.99976e-008
-3.60394e-008
-2.8069e-008
-2.88116e-009
2.38931e-008
3.84637e-008
3.71747e-008
2.71269e-008
1.93105e-008
1.9625e-008
2.44333e-008
2.37633e-008
9.63032e-009
-1.67246e-008
-4.41313e-008
-5.81871e-008
-5.08706e-008
-2.62226e-008
2.15415e-009
2.00336e-008
2.13544e-008
1.05574e-008
-2.57546e-009
-1.08237e-008
-1.38104e-008
-1.58631e-008
-2.00859e-008
-2.41245e-008
-2.13445e-008
-6.4992e-009
1.87468e-008
4.50708e-008
6.06409e-008
5.89379e-008
4.38373e-008
2.80402e-008
2.53257e-008
4.15756e-008
7.07859e-008
9.90523e-008
1.13838e-007
1.11866e-007
9.99237e-008
8.82825e-008
8.21886e-008
7.81841e-008
6.78651e-008
4.55893e-008
1.37092e-008
-1.87501e-008
-4.26658e-008
-5.53885e-008
-6.23772e-008
-7.28624e-008
-9.2817e-008
-1.20302e-007
-1.46524e-007
-1.61938e-007
-1.63092e-007
-1.55256e-007
-1.48843e-007
-1.52177e-007
-1.65884e-007
-1.82728e-007
-1.92458e-007
-1.87638e-007
-1.66403e-007
-1.31096e-007
-8.49823e-008
-3.02149e-008
3.13048e-008
9.51771e-008
1.52804e-007
1.93346e-007
2.09156e-007
2.01247e-007
1.80454e-007
1.6258e-007
1.601e-007
1.75598e-007
2.01073e-007
2.23464e-007
2.32733e-007
2.27213e-007
2.12811e-007
1.96945e-007
1.8199e-007
1.63361e-007
1.33698e-007
8.96809e-008
3.58497e-008
-1.76662e-008
-6.16603e-008
-9.34322e-008
-1.17235e-007
-1.39549e-007
-1.63125e-007
-1.84559e-007
-1.9729e-007
-1.97473e-007
-1.87811e-007
-1.7608e-007
-1.69568e-007
-1.69916e-007
-1.72275e-007
-1.69092e-007
-1.55458e-007
-1.32206e-007
-1.04909e-007
-7.98545e-008
-6.01517e-008
-4.47841e-008
-3.10335e-008
-1.79334e-008
-7.59927e-009
-3.1663e-009
-5.06885e-009
-8.96062e-009
-7.37459e-009
5.70506e-009
3.05479e-008
6.08774e-008
8.74011e-008
1.03387e-007
1.08467e-007
1.08071e-007
1.08991e-007
1.14237e-007
1.20821e-007
1.21993e-007
1.12313e-007
9.18906e-008
6.67848e-008
4.53173e-008
3.30796e-008
3.02759e-008
3.30752e-008
3.74011e-008
4.18006e-008
4.70932e-008
5.33498e-008
5.70516e-008
5.13231e-008
2.98785e-008
-7.70702e-009
-5.33527e-008
-9.3049e-008
-1.13672e-007
-1.09912e-007
-8.69727e-008
-5.75149e-008
-3.48387e-008
-2.62729e-008
-3.03029e-008
-3.88001e-008
-4.29285e-008
-3.90943e-008
-3.09624e-008
-2.58425e-008
-2.78086e-008
-3.29494e-008
-3.11865e-008
-1.40782e-008
1.72127e-008
5.04609e-008
6.94383e-008
6.48854e-008
4.13767e-008
1.46443e-008
8.46406e-010
5.48209e-009
2.0184e-008
2.96917e-008
2.35044e-008
3.3612e-009
-1.86819e-008
-2.94919e-008
-2.41665e-008
-8.67546e-009
5.6118e-009
1.09787e-008
9.00683e-009
8.54974e-009
1.76306e-008
3.55385e-008
5.14089e-008
5.08886e-008
2.65316e-008
-1.54139e-008
-5.70621e-008
-7.90642e-008
-7.23091e-008
-4.31713e-008
-8.85246e-009
1.35473e-008
1.65643e-008
4.69173e-009
-1.07948e-008
-2.00148e-008
-2.00503e-008
-1.4808e-008
-1.01916e-008
-8.67335e-009
-7.47685e-009
-1.66363e-009
1.05253e-008
2.4699e-008
3.25986e-008
2.82151e-008
1.29503e-008
-4.51114e-009
-1.38821e-008
-1.03893e-008
1.94025e-009
1.31956e-008
1.45173e-008
4.06962e-009
-1.20978e-008
-2.47193e-008
-2.79391e-008
-2.29434e-008
-1.60161e-008
-1.28135e-008
-1.36045e-008
-1.33343e-008
-6.35347e-009
8.2027e-009
2.48815e-008
3.55138e-008
3.51002e-008
2.54602e-008
1.39844e-008
8.5175e-009
1.21276e-008
2.1423e-008
2.93137e-008
2.98261e-008
2.13814e-008
6.6865e-009
-9.69281e-009
-2.36073e-008
-3.22174e-008
-3.44806e-008
-3.16834e-008

   Record Number: 7
   Aqu. Duration: 11.9603 ms
     Onset Delay: 0 ms
      No. Points: 292
    No. Averages: 1000
   No. Artifacts: 0
      Start Time: Fri Apr 16 14:13

    SigGen Index: 14
       Variables: 
                  Freq = 4000 Hz
                  Level = 25 dB
                  Atten-A = 65 dB
                  Phase = 270 deg
                  Duration = 5 ms
                  GateTime = 0.5 ms
1.2094e-008
-5.17468e-009
-3.47691e-008
-6.51263e-008
-8.35282e-008
-8.37083e-008
-6.94348e-008
-5.14029e-008
-3.9705e-008
-3.73382e-008
-3.92242e-008
-3.69449e-008
-2.52427e-008
-5.42376e-009
1.64429e-008
3.46081e-008
4.78515e-008
5.96308e-008
7.42502e-008
9.22376e-008
1.08775e-007
1.16668e-007
1.11733e-007
9.64548e-008
7.89066e-008
6.74415e-008
6.4999e-008
6.72852e-008
6.62406e-008
5.62789e-008
3.88107e-008
2.18893e-008
1.52354e-008
2.39432e-008
4.49049e-008
6.81541e-008
8.2312e-008
8.09232e-008
6.58731e-008
4.5657e-008
2.94339e-008
2.07514e-008
1.53069e-008
4.38505e-009
-1.84972e-008
-5.2541e-008
-8.96981e-008
-1.19434e-007
-1.34663e-007
-1.34998e-007
-1.25712e-007
-1.13675e-007
-1.03228e-007
-9.47022e-008
-8.63337e-008
-7.77546e-008
-7.19144e-008
-7.34108e-008
-8.42448e-008
-1.0065e-007
-1.14302e-007
-1.17658e-007
-1.09305e-007
-9.47574e-008
-8.17381e-008
-7.3645e-008
-6.66397e-008
-5.29601e-008
-2.79228e-008
5.11037e-009
3.59952e-008
5.44849e-008
5.72779e-008
5.0211e-008
4.40448e-008
4.68737e-008
5.85637e-008
7.13146e-008
7.61787e-008
7.08521e-008
6.26861e-008
6.41662e-008
8.38282e-008
1.19226e-007
1.57193e-007
1.81416e-007
1.82261e-007
1.62376e-007
1.34634e-007
1.14122e-007
1.09608e-007
1.1976e-007
1.35629e-007
1.46622e-007
1.45499e-007
1.29835e-007
1.0069e-007
6.09984e-008
1.52824e-008
-2.99293e-008
-6.67669e-008
-8.87474e-008
-9.44844e-008
-8.97707e-008
-8.57705e-008
-9.34188e-008
-1.17065e-007
-1.51613e-007
-1.85459e-007
-2.07535e-007
-2.13702e-007
-2.08273e-007
-2.00065e-007
-1.96074e-007
-1.97035e-007
-1.97411e-007
-1.89443e-007
-1.68542e-007
-1.36685e-007
-1.01704e-007
-7.29263e-008
-5.5903e-008
-4.94259e-008
-4.64814e-008
-3.83387e-008
-1.92105e-008
1.12544e-008
4.89757e-008
8.89639e-008
1.28559e-007
1.6778e-007
2.06684e-007
2.42415e-007
2.69052e-007
2.80755e-007
2.75571e-007
2.56627e-007
2.29824e-007
2.00071e-007
1.69092e-007
1.36275e-007
1.01588e-007
6.79395e-008
4.07552e-008
2.47764e-008
2.04625e-008
2.29123e-008
2.43889e-008
1.88783e-008
5.6664e-009
-1.04674e-008
-2.26825e-008
-2.70103e-008
-2.54712e-008
-2.49693e-008
-3.24202e-008
-4.95883e-008
-7.17185e-008
-9.12175e-008
-1.03535e-007
-1.10589e-007
-1.19035e-007
-1.34628e-007
-1.56834e-007
-1.77801e-007
-1.86817e-007
-1.77344e-007
-1.51614e-007
-1.19385e-007
-9.18324e-008
-7.50054e-008
-6.73893e-008
-6.28288e-008
-5.6238e-008
-4.77317e-008
-4.21748e-008
-4.46033e-008
-5.50973e-008
-6.72059e-008
-7.14405e-008
-6.14745e-008
-3.85189e-008
-1.06805e-008
1.20876e-008
2.37372e-008
2.48471e-008
2.11895e-008
1.98701e-008
2.58462e-008
4.05787e-008
6.26236e-008
8.8808e-008
1.15016e-007
1.36681e-007
1.4956e-007
1.50906e-007
1.40612e-007
1.21723e-007
9.98785e-008
8.14417e-008
7.06155e-008
6.69356e-008
6.5202e-008
5.88783e-008
4.53516e-008
2.93109e-008
2.11073e-008
3.03423e-008
5.86364e-008
9.66596e-008
1.28024e-007
1.38144e-007
1.22649e-007
8.98493e-008
5.54558e-008
3.2859e-008
2.52473e-008
2.4599e-008
1.80454e-008
-2.68524e-009
-3.50554e-008
-6.69854e-008
-8.48363e-008
-8.26477e-008
-6.61797e-008
-4.898e-008
-4.34531e-008
-5.33957e-008
-7.29984e-008
-9.22097e-008
-1.03861e-007
-1.0748e-007
-1.08027e-007
-1.11591e-007
-1.21551e-007
-1.37324e-007
-1.55524e-007
-1.71887e-007
-1.82408e-007
-1.83402e-007
-1.71489e-007
-1.44648e-007
-1.04194e-007
-5.6075e-008
-9.72131e-009
2.56329e-008
4.53796e-008
5.21087e-008
5.44938e-008
6.25361e-008
8.14359e-008
1.07746e-007
1.30744e-007
1.38881e-007
1.27479e-007
1.02359e-007
7.66709e-008
6.29881e-008
6.61396e-008
8.1383e-008
9.84095e-008
1.07777e-007
1.05492e-007
9.35367e-008
7.70803e-008
6.08923e-008
4.7406e-008
3.71886e-008
3.05284e-008
2.80345e-008
2.93663e-008
3.13447e-008
2.76735e-008
1.14217e-008
-2.07371e-008
-6.51295e-008
-1.11089e-007
-1.45111e-007
-1.57267e-007
-1.46238e-007
-1.19867e-007
-9.07008e-008
-6.9047e-008
-5.76983e-008
-5.13423e-008
-4.06778e-008
-1.85097e-008
1.55896e-008
5.44084e-008
8.68705e-008
1.05372e-007
1.11059e-007

