ABR Group Header  ==================================
    Group Number: 0
         Records: 10
  SigGen File #1: TonePip_B_long505-100
  SigGen File #2: 
      Subject ID: 210308F1HL-post
    Reference #1: 20210416
    Reference #2: female
            Memo:  
      Start Time: Fri Apr 16 14:16
        End Time: Thu Apr 08 14:33
----------------------------------------------------

   Record Number: 0
   Aqu. Duration: 11.9603 ms
     Onset Delay: 0 ms
      No. Points: 292
    No. Averages: 556
   No. Artifacts: 0
      Start Time: Fri Apr 16 14:16

    SigGen Index: 19
       Variables: 
                  Freq = 8000 Hz
                  Level = 90 dB
                  Atten-A = 0 dB
                  Phase = 270 deg
                  Duration = 5 ms
                  GateTime = 0.5 ms
9.69856e-010
-9.10741e-008
-1.99468e-007
-3.06611e-007
-3.93281e-007
-4.46766e-007
-4.66962e-007
-4.66601e-007
-4.64662e-007
-4.76106e-007
-5.04003e-007
-5.39322e-007
-5.68729e-007
-5.8465e-007
-5.90005e-007
-5.94293e-007
-6.04684e-007
-6.19431e-007
-6.28631e-007
-6.21475e-007
-5.94391e-007
-5.54045e-007
-5.12773e-007
-4.79062e-007
-4.49106e-007
-4.0501e-007
-3.21074e-007
-1.74648e-007
4.4275e-008
3.28948e-007
6.57577e-007
9.98152e-007
1.31333e-006
1.56426e-006
1.71443e-006
1.73497e-006
1.61135e-006
1.349e-006
9.74695e-007
5.32436e-007
7.56276e-008
-3.41108e-007
-6.68052e-007
-8.64631e-007
-9.03622e-007
-7.76412e-007
-4.97938e-007
-1.07979e-007
3.3415e-007
7.61356e-007
1.11316e-006
1.34726e-006
1.44478e-006
1.40964e-006
1.26467e-006
1.04601e-006
7.95105e-007
5.47764e-007
3.22968e-007
1.17138e-007
-9.10449e-008
-3.25656e-007
-5.95266e-007
-8.81298e-007
-1.13991e-006
-1.31708e-006
-1.36932e-006
-1.27998e-006
-1.06432e-006
-7.63561e-007
-4.33046e-007
-1.30124e-007
9.51063e-008
2.06343e-007
1.8585e-007
3.75291e-008
-2.12907e-007
-5.22044e-007
-8.37269e-007
-1.10799e-006
-1.29662e-006
-1.38603e-006
-1.38075e-006
-1.30118e-006
-1.17295e-006
-1.01611e-006
-8.3914e-007
-6.40311e-007
-4.14609e-007
-1.61618e-007
1.1001e-007
3.83322e-007
6.37864e-007
8.55619e-007
1.0251e-006
1.14196e-006
1.20669e-006
1.22231e-006
1.19396e-006
1.13037e-006
1.04404e-006
9.47708e-007
8.48675e-007
7.45127e-007
6.28445e-007
4.90895e-007
3.33843e-007
1.70737e-007
2.24501e-008
-9.21806e-008
-1.64413e-007
-1.96931e-007
-1.9809e-007
-1.74187e-007
-1.2633e-007
-5.44137e-008
3.54569e-008
1.26995e-007
1.97789e-007
2.29912e-007
2.20192e-007
1.82442e-007
1.38945e-007
1.0608e-007
8.364e-008
5.54207e-008
1.03733e-009
-8.88809e-008
-2.04435e-007
-3.20706e-007
-4.11386e-007
-4.62214e-007
-4.75102e-007
-4.61044e-007
-4.28519e-007
-3.77313e-007
-3.02529e-007
-2.04539e-007
-9.56153e-008
2.78896e-009
7.0268e-008
9.7779e-008
9.11783e-008
6.63219e-008
3.96175e-008
2.01735e-008
7.80607e-009
-3.07131e-009
-1.732e-008
-3.52653e-008
-5.35934e-008
-6.97093e-008
-8.5657e-008
-1.07968e-007
-1.42933e-007
-1.9052e-007
-2.41506e-007
-2.80263e-007
-2.9172e-007
-2.68245e-007
-2.12528e-007
-1.35382e-007
-5.05114e-008
3.04414e-008
1.00152e-007
1.54761e-007
1.9135e-007
2.06218e-007
1.96104e-007
1.62289e-007
1.14552e-007
7.06014e-008
4.91576e-008
5.98478e-008
9.66149e-008
1.39998e-007
1.67999e-007
1.69215e-007
1.49807e-007
1.29422e-007
1.28215e-007
1.53084e-007
1.92025e-007
2.20484e-007
2.15757e-007
1.70143e-007
9.44677e-008
1.01962e-008
-6.38028e-008
-1.20593e-007
-1.64935e-007
-2.05354e-007
-2.45817e-007
-2.83389e-007
-3.12349e-007
-3.29832e-007
-3.3763e-007
-3.3906e-007
-3.34341e-007
-3.18981e-007
-2.86788e-007
-2.35069e-007
-1.67766e-007
-9.39341e-008
-2.26714e-008
4.163e-008
1.00214e-007
1.56665e-007
2.12132e-007
2.62728e-007
3.00892e-007
3.19623e-007
3.16657e-007
2.96124e-007
2.67192e-007
2.40902e-007
2.26639e-007
2.29151e-007
2.46828e-007
2.7214e-007
2.94568e-007
3.04869e-007
2.98318e-007
2.75322e-007
2.39817e-007
1.97223e-007
1.53198e-007
1.13085e-007
8.12085e-008
5.95503e-008
4.6317e-008
3.55697e-008
1.88036e-008
-1.17429e-008
-5.94254e-008
-1.21053e-007
-1.87645e-007
-2.48004e-007
-2.93282e-007
-3.20047e-007
-3.30435e-007
-3.29967e-007
-3.24818e-007
-3.19846e-007
-3.17526e-007
-3.17406e-007
-3.16154e-007
-3.08658e-007
-2.90329e-007
-2.59799e-007
-2.20513e-007
-1.7997e-007
-1.46506e-007
-1.24949e-007
-1.13458e-007
-1.03756e-007
-8.53397e-008
-5.17204e-008
-4.90338e-009
4.51639e-008
8.62779e-008
1.11153e-007
1.21169e-007
1.24358e-007
1.29622e-007
1.41587e-007
1.59305e-007
1.78704e-007
1.96036e-007
2.09478e-007
2.18217e-007
2.20689e-007
2.14372e-007
1.97977e-007
1.74387e-007
1.51279e-007
1.37524e-007
1.36934e-007
1.43922e-007
1.45163e-007
1.27112e-007
8.44579e-008
2.35717e-008
-4.12748e-008
-9.57508e-008
-1.31719e-007
-1.48589e-007
-1.50977e-007
-1.46044e-007
-1.4177e-007
-1.44175e-007
-1.53942e-007

   Record Number: 1
   Aqu. Duration: 11.9603 ms
     Onset Delay: 0 ms
      No. Points: 292
    No. Averages: 742
   No. Artifacts: 0
      Start Time: Fri Apr 16 14:17

    SigGen Index: 21
       Variables: 
                  Freq = 8000 Hz
                  Level = 80 dB
                  Atten-A = 10 dB
                  Phase = 270 deg
                  Duration = 5 ms
                  GateTime = 0.5 ms
8.42165e-008
1.28465e-007
1.46419e-007
1.38234e-007
1.11858e-007
7.65553e-008
3.7908e-008
-2.86781e-009
-4.59605e-008
-8.95595e-008
-1.29268e-007
-1.6104e-007
-1.85026e-007
-2.06629e-007
-2.3337e-007
-2.69785e-007
-3.14176e-007
-3.59476e-007
-3.97409e-007
-4.23083e-007
-4.37227e-007
-4.4495e-007
-4.52033e-007
-4.61128e-007
-4.70247e-007
-4.74261e-007
-4.67673e-007
-4.45747e-007
-4.0255e-007
-3.27782e-007
-2.06533e-007
-2.47099e-008
2.21334e-007
5.1613e-007
8.2278e-007
1.08936e-006
1.26226e-006
1.30163e-006
1.1934e-006
9.53579e-007
6.2362e-007
2.58632e-007
-8.68673e-008
-3.7048e-007
-5.66973e-007
-6.66524e-007
-6.69394e-007
-5.81433e-007
-4.12793e-007
-1.78687e-007
1.00586e-007
4.01466e-007
6.99035e-007
9.66864e-007
1.17585e-006
1.29619e-006
1.30555e-006
1.20072e-006
1.00466e-006
7.6124e-007
5.1755e-007
3.02873e-007
1.17427e-007
-6.13963e-008
-2.58616e-007
-4.79569e-007
-6.99557e-007
-8.71332e-007
-9.46069e-007
-8.96284e-007
-7.28936e-007
-4.83213e-007
-2.16076e-007
1.57848e-008
1.69262e-007
2.20107e-007
1.62219e-007
4.90602e-009
-2.29669e-007
-5.09394e-007
-7.96784e-007
-1.05513e-006
-1.25441e-006
-1.37518e-006
-1.40986e-006
-1.36219e-006
-1.24549e-006
-1.07993e-006
-8.88317e-007
-6.90979e-007
-5.01213e-007
-3.23122e-007
-1.5313e-007
1.5248e-008
1.85543e-007
3.54327e-007
5.11172e-007
6.42539e-007
7.37424e-007
7.91895e-007
8.1039e-007
8.03543e-007
7.83893e-007
7.61511e-007
7.41141e-007
7.21615e-007
6.97582e-007
6.62868e-007
6.1409e-007
5.52849e-007
4.85411e-007
4.20175e-007
3.64499e-007
3.22567e-007
2.94948e-007
2.79418e-007
2.72299e-007
2.6978e-007
2.68753e-007
2.6676e-007
2.61328e-007
2.49696e-007
2.2958e-007
2.00177e-007
1.61866e-007
1.14316e-007
5.48423e-008
-2.07059e-008
-1.1438e-007
-2.22511e-007
-3.3522e-007
-4.39829e-007
-5.25642e-007
-5.86526e-007
-6.19825e-007
-6.23585e-007
-5.95568e-007
-5.35736e-007
-4.50282e-007
-3.53215e-007
-2.63007e-007
-1.95523e-007
-1.57371e-007
-1.43709e-007
-1.41767e-007
-1.37945e-007
-1.24314e-007
-1.01043e-007
-7.39871e-008
-4.96478e-008
-3.10479e-008
-1.70558e-008
-5.06303e-009
5.5711e-009
1.24406e-008
1.24854e-008
5.79802e-009
-2.76377e-009
-6.05804e-009
4.87526e-010
1.56017e-008
3.31745e-008
4.66788e-008
5.35008e-008
5.60782e-008
5.94448e-008
6.72949e-008
7.9328e-008
9.14845e-008
9.87918e-008
9.88959e-008
9.38082e-008
8.84816e-008
8.70941e-008
8.97445e-008
9.209e-008
8.82788e-008
7.51086e-008
5.46167e-008
3.35995e-008
2.05034e-008
2.13305e-008
3.64463e-008
5.98811e-008
8.18683e-008
9.36534e-008
9.17968e-008
7.90947e-008
6.15953e-008
4.4195e-008
2.81756e-008
1.2104e-008
-5.2829e-009
-2.28677e-008
-3.73771e-008
-4.57916e-008
-4.80495e-008
-4.78368e-008
-5.04046e-008
-5.84502e-008
-6.89353e-008
-7.37616e-008
-6.47621e-008
-3.993e-008
-6.19901e-009
2.37029e-008
3.83325e-008
3.36496e-008
1.43644e-008
-9.53655e-009
-2.81398e-008
-3.56644e-008
-3.1823e-008
-2.07627e-008
-8.52978e-009
-7.79396e-011
3.04467e-009
3.17791e-009
4.71879e-009
1.08736e-008
2.1056e-008
3.0842e-008
3.47876e-008
3.04415e-008
2.09282e-008
1.4176e-008
1.88153e-008
3.88667e-008
7.03146e-008
1.01817e-007
1.19562e-007
1.13971e-007
8.48537e-008
4.21458e-008
1.39712e-009
-2.39288e-008
-2.90803e-008
-1.95509e-008
-6.70859e-009
-6.62422e-010
-5.06581e-009
-1.66169e-008
-2.85076e-008
-3.48524e-008
-3.34356e-008
-2.60184e-008
-1.70933e-008
-1.22207e-008
-1.6308e-008
-3.17185e-008
-5.66216e-008
-8.47655e-008
-1.07597e-007
-1.18203e-007
-1.15057e-007
-1.03241e-007
-9.2099e-008
-9.02784e-008
-1.00716e-007
-1.1827e-007
-1.31415e-007
-1.27498e-007
-9.93099e-008
-4.97418e-008
8.36243e-009
5.78902e-008
8.60332e-008
9.07319e-008
8.09057e-008
7.04378e-008
7.00446e-008
8.21516e-008
1.01205e-007
1.18043e-007
1.25006e-007
1.19123e-007
1.02655e-007
8.15732e-008
6.2778e-008
5.08084e-008
4.52529e-008
4.06121e-008
2.9567e-008
8.25571e-009
-1.99049e-008
-4.50576e-008
-5.6842e-008
-5.2295e-008
-4.03026e-008
-3.78492e-008
-5.81101e-008
-1.0053e-007

   Record Number: 2
   Aqu. Duration: 11.9603 ms
     Onset Delay: 0 ms
      No. Points: 292
    No. Averages: 890
   No. Artifacts: 0
      Start Time: Fri Apr 16 14:18

    SigGen Index: 23
       Variables: 
                  Freq = 8000 Hz
                  Level = 70 dB
                  Atten-A = 20 dB
                  Phase = 270 deg
                  Duration = 5 ms
                  GateTime = 0.5 ms
7.1938e-008
8.22357e-008
7.55161e-008
4.99354e-008
1.05859e-008
-3.28574e-008
-7.04006e-008
-9.54641e-008
-1.06495e-007
-1.0644e-007
-1.00983e-007
-9.64211e-008
-9.76783e-008
-1.06944e-007
-1.23401e-007
-1.4424e-007
-1.66506e-007
-1.88841e-007
-2.12093e-007
-2.38184e-007
-2.67804e-007
-2.98571e-007
-3.25437e-007
-3.43446e-007
-3.50893e-007
-3.50348e-007
-3.46618e-007
-3.43118e-007
-3.39201e-007
-3.29986e-007
-3.08134e-007
-2.65727e-007
-1.95131e-007
-8.96933e-008
5.38425e-008
2.30881e-007
4.25262e-007
6.10268e-007
7.55728e-007
8.37953e-007
8.46679e-007
7.85166e-007
6.64442e-007
4.96541e-007
2.91602e-007
6.0272e-008
-1.81231e-007
-4.07821e-007
-5.87124e-007
-6.85994e-007
-6.79372e-007
-5.57942e-007
-3.31692e-007
-2.81974e-008
3.13479e-007
6.50628e-007
9.43698e-007
1.16077e-006
1.28041e-006
1.29429e-006
1.20928e-006
1.04683e-006
8.37394e-007
6.10654e-007
3.86492e-007
1.7192e-007
-3.4216e-008
-2.3243e-007
-4.15838e-007
-5.69675e-007
-6.76712e-007
-7.24586e-007
-7.10811e-007
-6.43513e-007
-5.38729e-007
-4.16483e-007
-2.97656e-007
-2.02249e-007
-1.48143e-007
-1.48946e-007
-2.10771e-007
-3.2948e-007
-4.90389e-007
-6.70979e-007
-8.45366e-007
-9.88835e-007
-1.08153e-006
-1.11113e-006
-1.07435e-006
-9.76896e-007
-8.31847e-007
-6.56672e-007
-4.69506e-007
-2.85377e-007
-1.13383e-007
4.40418e-008
1.89201e-007
3.25302e-007
4.52684e-007
5.67238e-007
6.61871e-007
7.30043e-007
7.69104e-007
7.81379e-007
7.72419e-007
7.47653e-007
7.09767e-007
6.58576e-007
5.93268e-007
5.15018e-007
4.2784e-007
3.37276e-007
2.48498e-007
1.65673e-007
9.27968e-008
3.44456e-008
-5.02306e-009
-2.34881e-008
-2.25577e-008
-7.16392e-009
1.65654e-008
4.37859e-008
7.22851e-008
1.0192e-007
1.32476e-007
1.61363e-007
1.82933e-007
1.90221e-007
1.78104e-007
1.45698e-007
9.64038e-008
3.59575e-008
-2.97396e-008
-9.55196e-008
-1.56641e-007
-2.08456e-007
-2.46902e-007
-2.69516e-007
-2.75959e-007
-2.67498e-007
-2.45948e-007
-2.13181e-007
-1.71675e-007
-1.2534e-007
-7.94533e-008
-3.94877e-008
-9.7575e-009
7.20421e-009
1.06164e-008
1.39851e-009
-1.77401e-008
-4.25932e-008
-6.85323e-008
-9.19058e-008
-1.10784e-007
-1.24611e-007
-1.33339e-007
-1.36998e-007
-1.35978e-007
-1.31469e-007
-1.25342e-007
-1.19421e-007
-1.14753e-007
-1.11483e-007
-1.09311e-007
-1.08011e-007
-1.07598e-007
-1.08021e-007
-1.08542e-007
-1.07083e-007
-1.00208e-007
-8.44677e-008
-5.90148e-008
-2.78577e-008
5.67397e-010
1.73457e-008
1.8536e-008
8.3627e-009
-2.38284e-009
-1.87307e-009
1.68393e-008
5.29651e-008
9.92026e-008
1.45507e-007
1.82945e-007
2.06008e-007
2.13182e-007
2.06437e-007
1.90221e-007
1.7018e-007
1.51648e-007
1.38043e-007
1.29675e-007
1.23718e-007
1.1579e-007
1.02459e-007
8.30014e-008
5.92077e-008
3.3631e-008
8.00267e-009
-1.67908e-008
-3.93274e-008
-5.6416e-008
-6.3594e-008
-5.75446e-008
-3.88308e-008
-1.26759e-008
1.32305e-008
3.26095e-008
4.3425e-008
4.77296e-008
4.89493e-008
4.88984e-008
4.67037e-008
4.00858e-008
2.77067e-008
1.07608e-008
-7.2708e-009
-2.24668e-008
-3.25762e-008
-3.78505e-008
-4.00186e-008
-4.03718e-008
-3.87375e-008
-3.43249e-008
-2.76471e-008
-2.16306e-008
-2.06447e-008
-2.79407e-008
-4.3341e-008
-6.29263e-008
-8.10683e-008
-9.34822e-008
-9.92365e-008
-1.00414e-007
-9.9825e-008
-9.85182e-008
-9.49024e-008
-8.6094e-008
-7.0598e-008
-5.04671e-008
-3.12183e-008
-1.91182e-008
-1.73162e-008
-2.33453e-008
-2.97106e-008
-2.72714e-008
-9.59212e-009
2.37173e-008
6.599e-008
1.05443e-007
1.29787e-007
1.31785e-007
1.1289e-007
8.2604e-008
5.36364e-008
3.55869e-008
3.08359e-008
3.48172e-008
4.00278e-008
4.09109e-008
3.6544e-008
2.98522e-008
2.45089e-008
2.20424e-008
2.10633e-008
1.86352e-008
1.2296e-008
1.24865e-009
-1.35708e-008
-2.98685e-008
-4.42337e-008
-5.24698e-008
-5.06934e-008
-3.73515e-008
-1.51291e-008
8.98938e-009
2.63474e-008
3.06009e-008
2.02122e-008
-2.35455e-009
-3.34924e-008
-6.99846e-008
-1.07126e-007
-1.35299e-007
-1.39805e-007
-1.07403e-007
-3.75334e-008
4.99602e-008
1.20755e-007
1.48268e-007
1.33494e-007

   Record Number: 3
   Aqu. Duration: 11.9603 ms
     Onset Delay: 0 ms
      No. Points: 292
    No. Averages: 1000
   No. Artifacts: 0
      Start Time: Fri Apr 16 14:19

    SigGen Index: 25
       Variables: 
                  Freq = 8000 Hz
                  Level = 60 dB
                  Atten-A = 30 dB
                  Phase = 270 deg
                  Duration = 5 ms
                  GateTime = 0.5 ms
-4.26837e-008
-4.4623e-008
-3.34842e-008
-9.45476e-009
2.13003e-008
4.92771e-008
6.70429e-008
7.39174e-008
7.63218e-008
8.30729e-008
9.85959e-008
1.18639e-007
1.31532e-007
1.24549e-007
9.16487e-008
3.77785e-008
-2.31784e-008
-7.56889e-008
-1.10416e-007
-1.27612e-007
-1.34329e-007
-1.38181e-007
-1.42478e-007
-1.4584e-007
-1.45543e-007
-1.4117e-007
-1.35556e-007
-1.32781e-007
-1.35469e-007
-1.43821e-007
-1.56731e-007
-1.73199e-007
-1.91982e-007
-2.09366e-007
-2.17095e-007
-2.03041e-007
-1.55609e-007
-7.02208e-008
4.58042e-008
1.73528e-007
2.88623e-007
3.70268e-007
4.07346e-007
3.98579e-007
3.47965e-007
2.60199e-007
1.39952e-007
-4.96603e-009
-1.59999e-007
-3.03687e-007
-4.12274e-007
-4.66828e-007
-4.58649e-007
-3.89907e-007
-2.69661e-007
-1.08483e-007
8.44671e-008
3.00022e-007
5.2449e-007
7.35654e-007
9.03254e-007
9.96022e-007
9.93525e-007
8.96988e-007
7.31867e-007
5.38553e-007
3.55035e-007
2.01409e-007
7.55789e-008
-3.78081e-008
-1.51975e-007
-2.66627e-007
-3.67393e-007
-4.35168e-007
-4.58096e-007
-4.38203e-007
-3.89211e-007
-3.28453e-007
-2.6935e-007
-2.19362e-007
-1.83268e-007
-1.67269e-007
-1.79234e-007
-2.24404e-007
-3.00183e-007
-3.94581e-007
-4.89918e-007
-5.6933e-007
-6.21795e-007
-6.4292e-007
-6.32072e-007
-5.8899e-007
-5.13032e-007
-4.05814e-007
-2.74938e-007
-1.3515e-007
-4.71184e-009
1.01723e-007
1.79549e-007
2.35643e-007
2.83366e-007
3.33839e-007
3.88809e-007
4.3967e-007
4.73284e-007
4.80706e-007
4.62808e-007
4.28916e-007
3.89579e-007
3.48983e-007
3.02862e-007
2.43512e-007
1.67981e-007
8.29508e-008
2.46345e-009
-5.97039e-008
-9.71401e-008
-1.12261e-007
-1.11897e-007
-1.01394e-007
-8.20218e-008
-5.28878e-008
-1.45468e-008
2.93235e-008
7.34339e-008
1.13853e-007
1.4967e-007
1.81881e-007
2.10322e-007
2.31209e-007
2.37711e-007
2.23879e-007
1.89296e-007
1.40759e-007
8.92442e-008
4.40942e-008
8.52508e-009
-2.04019e-008
-4.74341e-008
-7.36002e-008
-9.36208e-008
-9.85089e-008
-8.20237e-008
-4.66701e-008
-4.84005e-009
2.62186e-008
3.27799e-008
1.13639e-008
-2.99757e-008
-7.61307e-008
-1.12369e-007
-1.30764e-007
-1.32615e-007
-1.26034e-007
-1.20497e-007
-1.21775e-007
-1.30164e-007
-1.42361e-007
-1.54906e-007
-1.66549e-007
-1.78252e-007
-1.9127e-007
-2.04789e-007
-2.14796e-007
-2.15288e-007
-2.0152e-007
-1.73469e-007
-1.37078e-007
-1.02047e-007
-7.72758e-008
-6.67991e-008
-6.86901e-008
-7.71691e-008
-8.58422e-008
-8.96294e-008
-8.4708e-008
-6.79493e-008
-3.77072e-008
4.0895e-009
5.08562e-008
9.3606e-008
1.26084e-007
1.49174e-007
1.70597e-007
1.99172e-007
2.37336e-007
2.7756e-007
3.05707e-007
3.0936e-007
2.85536e-007
2.42701e-007
1.95989e-007
1.58809e-007
1.36044e-007
1.22839e-007
1.09488e-007
8.90336e-008
6.23944e-008
3.74751e-008
2.3042e-008
2.20008e-008
2.91089e-008
3.4697e-008
3.13451e-008
1.83233e-008
6.27755e-010
-1.60755e-008
-3.01536e-008
-4.46744e-008
-6.40689e-008
-9.00506e-008
-1.20146e-007
-1.49494e-007
-1.73796e-007
-1.90765e-007
-1.99304e-007
-1.97868e-007
-1.8416e-007
-1.56973e-007
-1.18821e-007
-7.68964e-008
-4.08972e-008
-1.86357e-008
-1.20856e-008
-1.63323e-008
-2.21361e-008
-2.08478e-008
-9.16243e-009
8.89385e-009
2.407e-008
2.71475e-008
1.44194e-008
-9.83055e-009
-3.53685e-008
-5.14306e-008
-5.23731e-008
-4.02e-008
-2.2412e-008
-6.52247e-009
5.09179e-009
1.632e-008
3.34834e-008
5.93417e-008
8.9528e-008
1.14263e-007
1.24291e-007
1.16894e-007
9.77922e-008
7.7529e-008
6.47716e-008
6.10101e-008
6.02164e-008
5.36879e-008
3.68121e-008
1.30999e-008
-7.41257e-009
-1.4385e-008
-3.69097e-009
2.02558e-008
4.76573e-008
6.9283e-008
8.0896e-008
8.35946e-008
8.09147e-008
7.56456e-008
6.86426e-008
5.95498e-008
4.77136e-008
3.20411e-008
1.03375e-008
-2.02584e-008
-6.09194e-008
-1.08091e-007
-1.5244e-007
-1.81769e-007
-1.87118e-007
-1.68415e-007
-1.35406e-007
-1.02579e-007
-8.12402e-008
-7.41878e-008
-7.62814e-008
-7.94246e-008
-7.73471e-008
-6.66273e-008
-4.45127e-008
-7.59507e-009
4.51239e-008
1.06343e-007
1.59293e-007
1.88212e-007
1.92006e-007

   Record Number: 4
   Aqu. Duration: 11.9603 ms
     Onset Delay: 0 ms
      No. Points: 292
    No. Averages: 1000
   No. Artifacts: 0
      Start Time: Fri Apr 16 14:19

    SigGen Index: 27
       Variables: 
                  Freq = 8000 Hz
                  Level = 50 dB
                  Atten-A = 40 dB
                  Phase = 270 deg
                  Duration = 5 ms
                  GateTime = 0.5 ms
3.17452e-008
8.82623e-008
1.46093e-007
1.93903e-007
2.23042e-007
2.30676e-007
2.20454e-007
2.00102e-007
1.77132e-007
1.55132e-007
1.32915e-007
1.06943e-007
7.51743e-008
3.95861e-008
5.70832e-009
-2.03591e-008
-3.53291e-008
-4.02693e-008
-3.94587e-008
-3.76247e-008
-3.76446e-008
-4.01901e-008
-4.51797e-008
-5.35717e-008
-6.78752e-008
-9.07629e-008
-1.2268e-007
-1.60348e-007
-1.97752e-007
-2.29509e-007
-2.54438e-007
-2.76364e-007
-3.00871e-007
-3.29888e-007
-3.58105e-007
-3.74134e-007
-3.65772e-007
-3.25835e-007
-2.55088e-007
-1.61301e-007
-5.59596e-008
4.91109e-008
1.43805e-007
2.20379e-007
2.73307e-007
2.98998e-007
2.95728e-007
2.63769e-007
2.05682e-007
1.26662e-007
3.46696e-008
-6.02104e-008
-1.47409e-007
-2.1762e-007
-2.63125e-007
-2.76251e-007
-2.47798e-007
-1.68228e-007
-3.26289e-008
1.53033e-007
3.69074e-007
5.85931e-007
7.7349e-007
9.10458e-007
9.88135e-007
1.00723e-006
9.71525e-007
8.83856e-007
7.46921e-007
5.67196e-007
3.58051e-007
1.39389e-007
-6.61153e-008
-2.38193e-007
-3.63378e-007
-4.37393e-007
-4.65292e-007
-4.59584e-007
-4.36623e-007
-4.11788e-007
-3.94719e-007
-3.86807e-007
-3.8282e-007
-3.76452e-007
-3.66705e-007
-3.6088e-007
-3.71728e-007
-4.10067e-007
-4.77183e-007
-5.6164e-007
-6.42532e-007
-6.9755e-007
-7.115e-007
-6.80899e-007
-6.12657e-007
-5.18347e-007
-4.07864e-007
-2.86158e-007
-1.54463e-007
-1.44808e-008
1.27797e-007
2.61581e-007
3.74792e-007
4.59418e-007
5.15007e-007
5.47707e-007
5.65511e-007
5.73279e-007
5.71153e-007
5.57003e-007
5.30207e-007
4.93265e-007
4.50078e-007
4.02903e-007
3.51045e-007
2.92698e-007
2.28503e-007
1.63894e-007
1.07975e-007
6.90609e-008
4.9491e-008
4.33077e-008
3.88212e-008
2.49323e-008
-2.51197e-009
-3.82423e-008
-7.05978e-008
-8.84375e-008
-8.79309e-008
-7.50692e-008
-6.21568e-008
-6.04156e-008
-7.35753e-008
-9.66168e-008
-1.19999e-007
-1.35808e-007
-1.41436e-007
-1.38971e-007
-1.3196e-007
-1.22775e-007
-1.12573e-007
-1.03217e-007
-9.88081e-008
-1.04804e-007
-1.24686e-007
-1.56307e-007
-1.90798e-007
-2.15592e-007
-2.2045e-007
-2.0315e-007
-1.71213e-007
-1.38144e-007
-1.16075e-007
-1.09105e-007
-1.1141e-007
-1.111e-007
-9.71198e-008
-6.47938e-008
-1.70845e-008
3.80841e-008
9.17776e-008
1.36764e-007
1.68352e-007
1.8434e-007
1.85146e-007
1.74034e-007
1.56499e-007
1.38275e-007
1.2271e-007
1.09218e-007
9.42379e-008
7.46466e-008
5.16208e-008
3.20255e-008
2.56369e-008
3.93748e-008
7.21895e-008
1.1421e-007
1.51035e-007
1.70636e-007
1.68779e-007
1.49984e-007
1.23733e-007
9.83143e-008
7.61276e-008
5.36181e-008
2.60057e-008
-6.67725e-009
-3.71576e-008
-5.45286e-008
-5.16156e-008
-3.07162e-008
-3.37799e-009
1.58174e-008
1.7277e-008
9.95244e-010
-2.48455e-008
-4.96285e-008
-6.61893e-008
-7.33798e-008
-7.4869e-008
-7.62348e-008
-8.25607e-008
-9.72445e-008
-1.21486e-007
-1.53931e-007
-1.90578e-007
-2.25372e-007
-2.51662e-007
-2.64224e-007
-2.60949e-007
-2.43183e-007
-2.14478e-007
-1.78713e-007
-1.38971e-007
-9.76945e-008
-5.73142e-008
-2.03838e-008
1.09038e-008
3.51346e-008
5.16383e-008
6.04426e-008
6.27909e-008
6.18957e-008
6.27336e-008
7.00921e-008
8.56701e-008
1.06367e-007
1.25471e-007
1.36406e-007
1.3668e-007
1.29459e-007
1.21862e-007
1.21183e-007
1.3132e-007
1.51121e-007
1.75061e-007
1.95559e-007
2.05807e-007
2.02065e-007
1.8462e-007
1.57116e-007
1.24576e-007
9.11145e-008
5.86361e-008
2.73948e-008
-2.05251e-009
-2.72342e-008
-4.41785e-008
-4.98145e-008
-4.44541e-008
-3.23066e-008
-1.96698e-008
-1.21955e-008
-1.29481e-008
-2.19859e-008
-3.70621e-008
-5.46477e-008
-7.0896e-008
-8.27106e-008
-8.89931e-008
-9.14798e-008
-9.42248e-008
-1.01467e-007
-1.14984e-007
-1.3276e-007
-1.50002e-007
-1.6166e-007
-1.64493e-007
-1.57374e-007
-1.40181e-007
-1.1275e-007
-7.50599e-008
-2.86598e-008
2.18205e-008
6.86286e-008
1.0319e-007
1.19928e-007
1.1923e-007
1.07191e-007
9.18243e-008
7.81775e-008
6.5983e-008
5.17251e-008
3.34997e-008
1.45026e-008
1.68082e-009
-1.41845e-010
5.93303e-009
9.09463e-009
-1.01913e-009
-2.5799e-008

   Record Number: 5
   Aqu. Duration: 11.9603 ms
     Onset Delay: 0 ms
      No. Points: 292
    No. Averages: 1000
   No. Artifacts: 0
      Start Time: Fri Apr 16 14:20

    SigGen Index: 29
       Variables: 
                  Freq = 8000 Hz
                  Level = 40 dB
                  Atten-A = 50 dB
                  Phase = 270 deg
                  Duration = 5 ms
                  GateTime = 0.5 ms
-2.84338e-008
-2.92551e-008
-3.06514e-008
-3.35012e-008
-3.63442e-008
-3.54758e-008
-2.70145e-008
-9.65837e-009
1.37082e-008
3.66587e-008
5.19318e-008
5.49326e-008
4.62574e-008
3.17783e-008
1.99751e-008
1.77505e-008
2.69699e-008
4.36669e-008
6.03299e-008
6.99028e-008
6.92046e-008
5.99214e-008
4.68453e-008
3.47144e-008
2.57839e-008
1.95323e-008
1.42056e-008
8.56928e-009
2.4027e-009
-4.30293e-009
-1.2221e-008
-2.25477e-008
-3.60109e-008
-5.21639e-008
-6.97527e-008
-8.77647e-008
-1.05998e-007
-1.2438e-007
-1.41415e-007
-1.53048e-007
-1.53126e-007
-1.35681e-007
-9.80918e-008
-4.35396e-008
1.87275e-008
7.59266e-008
1.1625e-007
1.33222e-007
1.27529e-007
1.05265e-007
7.37284e-008
3.74524e-008
-3.19027e-009
-5.03232e-008
-1.05316e-007
-1.66072e-007
-2.26183e-007
-2.75995e-007
-3.04892e-007
-3.03902e-007
-2.67814e-007
-1.96219e-007
-9.34119e-008
3.22899e-008
1.69424e-007
3.04705e-007
4.25132e-007
5.20342e-007
5.83932e-007
6.13154e-007
6.07713e-007
5.68839e-007
4.99016e-007
4.02074e-007
2.8354e-007
1.51405e-007
1.69307e-008
-1.05693e-007
-2.01767e-007
-2.6016e-007
-2.77279e-007
-2.58979e-007
-2.19371e-007
-1.76725e-007
-1.47893e-007
-1.43424e-007
-1.65315e-007
-2.08021e-007
-2.61644e-007
-3.15344e-007
-3.59568e-007
-3.87146e-007
-3.94202e-007
-3.81153e-007
-3.52724e-007
-3.15644e-007
-2.74558e-007
-2.28922e-007
-1.737e-007
-1.03974e-007
-2.03206e-008
6.89944e-008
1.50765e-007
2.12921e-007
2.50197e-007
2.65991e-007
2.69462e-007
2.69819e-007
2.71367e-007
2.72076e-007
2.66113e-007
2.484e-007
2.18318e-007
1.80553e-007
1.42946e-007
1.12797e-007
9.35635e-008
8.34137e-008
7.62206e-008
6.44559e-008
4.25906e-008
9.45166e-009
-3.13274e-008
-7.27031e-008
-1.06813e-007
-1.27828e-007
-1.33921e-007
-1.27378e-007
-1.12817e-007
-9.47234e-008
-7.58867e-008
-5.7363e-008
-3.93168e-008
-2.1785e-008
-4.96497e-009
1.08169e-008
2.52154e-008
3.78803e-008
4.82165e-008
5.49416e-008
5.59574e-008
4.92083e-008
3.44618e-008
1.47511e-008
-4.10344e-009
-1.61715e-008
-1.86179e-008
-1.30668e-008
-4.13509e-009
3.58318e-009
7.70699e-009
8.043e-009
5.00652e-009
-1.62241e-009
-1.23059e-008
-2.61383e-008
-3.97444e-008
-4.82206e-008
-4.80545e-008
-4.00513e-008
-2.96582e-008
-2.37113e-008
-2.5594e-008
-3.25024e-008
-3.71121e-008
-3.24901e-008
-1.66349e-008
6.38644e-009
2.8989e-008
4.42044e-008
4.88586e-008
4.43169e-008
3.47027e-008
2.36872e-008
1.18127e-008
-3.73213e-009
-2.64303e-008
-5.65069e-008
-8.85206e-008
-1.12423e-007
-1.17933e-007
-1.00034e-007
-6.25443e-008
-1.74656e-008
2.00081e-008
3.83777e-008
3.48838e-008
1.59502e-008
-6.97925e-009
-2.34679e-008
-2.82765e-008
-2.15757e-008
-6.04249e-009
1.61786e-008
4.4178e-008
7.66695e-008
1.10187e-007
1.39121e-007
1.57752e-007
1.6269e-007
1.5399e-007
1.34477e-007
1.08187e-007
7.90556e-008
5.03178e-008
2.43449e-008
2.53664e-009
-1.47536e-008
-2.80735e-008
-3.84685e-008
-4.70168e-008
-5.44992e-008
-6.1206e-008
-6.67729e-008
-7.01091e-008
-6.97365e-008
-6.47648e-008
-5.60969e-008
-4.689e-008
-4.15513e-008
-4.35882e-008
-5.35223e-008
-6.81152e-008
-8.14683e-008
-8.76533e-008
-8.37128e-008
-7.14353e-008
-5.66648e-008
-4.61771e-008
-4.37601e-008
-4.79023e-008
-5.26279e-008
-5.09665e-008
-3.88346e-008
-1.70003e-008
9.80299e-009
3.57492e-008
5.67845e-008
7.16375e-008
8.06047e-008
8.36018e-008
7.95941e-008
6.8133e-008
5.15523e-008
3.5463e-008
2.63828e-008
2.76741e-008
3.66049e-008
4.5017e-008
4.38082e-008
2.86943e-008
3.54228e-009
-2.10149e-008
-3.29123e-008
-2.47422e-008
2.76725e-009
4.13988e-008
7.93759e-008
1.06264e-007
1.16474e-007
1.10125e-007
9.15838e-008
6.70782e-008
4.26474e-008
2.27893e-008
9.49593e-009
1.62875e-009
-4.83782e-009
-1.52005e-008
-3.33327e-008
-5.91409e-008
-8.77049e-008
-1.10936e-007
-1.21163e-007
-1.14778e-007
-9.3941e-008
-6.54634e-008
-3.77098e-008
-1.73372e-008
-7.56476e-009
-8.49684e-009
-1.86308e-008
-3.59151e-008
-5.71835e-008
-7.63779e-008
-8.37163e-008
-6.83807e-008
-2.51854e-008
3.86539e-008
1.04094e-007
1.52795e-007
1.81431e-007

   Record Number: 6
   Aqu. Duration: 11.9603 ms
     Onset Delay: 0 ms
      No. Points: 292
    No. Averages: 1000
   No. Artifacts: 0
      Start Time: Fri Apr 16 14:21

    SigGen Index: 31
       Variables: 
                  Freq = 8000 Hz
                  Level = 30 dB
                  Atten-A = 60 dB
                  Phase = 270 deg
                  Duration = 5 ms
                  GateTime = 0.5 ms
-1.38203e-007
-1.70597e-007
-1.74734e-007
-1.54133e-007
-1.23291e-007
-1.00445e-007
-9.84887e-008
-1.18812e-007
-1.51042e-007
-1.78308e-007
-1.85023e-007
-1.63595e-007
-1.17518e-007
-5.97374e-008
-6.81346e-009
2.865e-008
4.36383e-008
4.54441e-008
4.7124e-008
6.01823e-008
8.83144e-008
1.25442e-007
1.59165e-007
1.77879e-007
1.77432e-007
1.62973e-007
1.4457e-007
1.29615e-007
1.17732e-007
1.02183e-007
7.67611e-008
4.27572e-008
1.03644e-008
-6.99198e-009
-1.53738e-009
2.32045e-008
5.42252e-008
7.70739e-008
8.43343e-008
7.85833e-008
6.8178e-008
5.95254e-008
5.17906e-008
3.77597e-008
9.79374e-009
-3.37615e-008
-8.61684e-008
-1.35092e-007
-1.68352e-007
-1.79126e-007
-1.68211e-007
-1.42917e-007
-1.13762e-007
-9.07148e-008
-8.0427e-008
-8.50984e-008
-1.02808e-007
-1.28754e-007
-1.5683e-007
-1.81093e-007
-1.96975e-007
-2.02261e-007
-1.97749e-007
-1.86928e-007
-1.74003e-007
-1.60704e-007
-1.43858e-007
-1.15941e-007
-6.90652e-008
-2.6254e-010
8.52768e-008
1.75217e-007
2.54955e-007
3.13839e-007
3.49578e-007
3.68565e-007
3.81738e-007
3.97952e-007
4.18395e-007
4.35219e-007
4.35253e-007
4.06824e-007
3.4606e-007
2.5944e-007
1.61406e-007
6.84664e-008
-6.9942e-009
-6.00909e-008
-9.28232e-008
-1.10866e-007
-1.20454e-007
-1.2713e-007
-1.35932e-007
-1.5115e-007
-1.74644e-007
-2.03914e-007
-2.32263e-007
-2.51918e-007
-2.58233e-007
-2.5188e-007
-2.37502e-007
-2.20209e-007
-2.02897e-007
-1.86233e-007
-1.70564e-007
-1.57284e-007
-1.48038e-007
-1.4235e-007
-1.35934e-007
-1.21618e-007
-9.297e-008
-4.85871e-008
5.89584e-009
5.98009e-008
1.02413e-007
1.27873e-007
1.36979e-007
1.35157e-007
1.28315e-007
1.19344e-007
1.0713e-007
8.81641e-008
5.94254e-008
2.08221e-008
-2.38857e-008
-6.77664e-008
-1.02492e-007
-1.20751e-007
-1.18882e-007
-9.88129e-008
-6.7856e-008
-3.55718e-008
-8.91418e-009
1.13606e-008
3.03671e-008
5.47552e-008
8.71929e-008
1.23487e-007
1.54501e-007
1.71808e-007
1.73323e-007
1.64821e-007
1.55926e-007
1.5317e-007
1.55114e-007
1.53274e-007
1.3839e-007
1.07776e-007
6.8628e-008
3.48211e-008
1.90411e-008
2.52747e-008
4.65493e-008
6.93632e-008
8.16939e-008
7.91133e-008
6.52263e-008
4.71002e-008
2.98616e-008
1.43384e-008
-1.76355e-009
-2.16148e-008
-4.82108e-008
-8.42632e-008
-1.31189e-007
-1.86575e-007
-2.41997e-007
-2.83842e-007
-2.97894e-007
-2.75705e-007
-2.19473e-007
-1.42673e-007
-6.55933e-008
-7.464e-009
2.11226e-008
2.164e-008
5.23222e-009
-1.40401e-008
-2.66163e-008
-3.16122e-008
-3.56629e-008
-4.7321e-008
-7.04792e-008
-1.00843e-007
-1.27531e-007
-1.38723e-007
-1.27997e-007
-9.77631e-008
-5.79161e-008
-2.03301e-008
7.75404e-009
2.75464e-008
4.72384e-008
7.59332e-008
1.16653e-007
1.62942e-007
2.01564e-007
2.19965e-007
2.13814e-007
1.89529e-007
1.59995e-007
1.36477e-007
1.22497e-007
1.1377e-007
1.03639e-007
8.95143e-008
7.55385e-008
6.98005e-008
7.83818e-008
1.00469e-007
1.27804e-007
1.4874e-007
1.54173e-007
1.41564e-007
1.14822e-007
8.07765e-008
4.50567e-008
1.00762e-008
-2.43111e-008
-5.89844e-008
-9.44292e-008
-1.30776e-007
-1.67998e-007
-2.05219e-007
-2.39355e-007
-2.64466e-007
-2.73192e-007
-2.60338e-007
-2.26763e-007
-1.80718e-007
-1.3479e-007
-9.96862e-008
-7.88991e-008
-6.81163e-008
-5.97234e-008
-4.88174e-008
-3.63516e-008
-2.77415e-008
-2.86391e-008
-4.09217e-008
-6.106e-008
-8.13128e-008
-9.27943e-008
-8.88411e-008
-6.73369e-008
-3.13454e-008
1.20616e-008
5.45945e-008
9.03541e-008
1.18521e-007
1.43174e-007
1.69771e-007
2.00264e-007
2.30182e-007
2.49967e-007
2.50025e-007
2.26408e-007
1.83587e-007
1.32531e-007
8.52406e-008
4.91204e-008
2.45798e-008
7.08694e-009
-8.06402e-009
-2.16257e-008
-2.96291e-008
-2.6372e-008
-9.11085e-009
1.86935e-008
4.77816e-008
6.69596e-008
6.80349e-008
4.90124e-008
1.42346e-008
-2.78468e-008
-6.77027e-008
-9.75387e-008
-1.13672e-007
-1.18178e-007
-1.18835e-007
-1.26378e-007
-1.49308e-007
-1.88147e-007
-2.31937e-007
-2.59498e-007
-2.46534e-007
-1.77132e-007
-5.48854e-008
9.37937e-008
2.30508e-007
3.28347e-007
3.8907e-007

   Record Number: 7
   Aqu. Duration: 11.9603 ms
     Onset Delay: 0 ms
      No. Points: 292
    No. Averages: 1000
   No. Artifacts: 0
      Start Time: Fri Apr 16 14:22

    SigGen Index: 32
       Variables: 
                  Freq = 8000 Hz
                  Level = 25 dB
                  Atten-A = 65 dB
                  Phase = 270 deg
                  Duration = 5 ms
                  GateTime = 0.5 ms
8.59304e-008
8.20178e-008
6.39732e-008
3.45248e-008
-2.97595e-010
-3.32767e-008
-5.80348e-008
-7.06231e-008
-7.05919e-008
-6.12044e-008
-4.83864e-008
-3.85507e-008
-3.61855e-008
-4.23609e-008
-5.48574e-008
-6.9755e-008
-8.34956e-008
-9.41701e-008
-1.01394e-007
-1.05269e-007
-1.0553e-007
-1.01511e-007
-9.26132e-008
-7.87655e-008
-6.07655e-008
-4.05797e-008
-2.11875e-008
-5.40808e-009
5.95408e-009
1.52151e-008
2.68965e-008
4.50401e-008
7.05035e-008
1.00148e-007
1.28558e-007
1.51139e-007
1.66396e-007
1.75658e-007
1.80489e-007
1.80025e-007
1.70732e-007
1.49128e-007
1.15358e-007
7.46545e-008
3.52496e-008
4.00748e-009
-1.7254e-008
-3.21538e-008
-4.63667e-008
-6.26012e-008
-7.74527e-008
-8.26991e-008
-7.07077e-008
-4.06224e-008
-1.01512e-009
3.33493e-008
4.90596e-008
4.10107e-008
1.3852e-008
-2.3017e-008
-6.26733e-008
-1.04029e-007
-1.48722e-007
-1.94867e-007
-2.33957e-007
-2.54408e-007
-2.4921e-007
-2.21295e-007
-1.81817e-007
-1.42228e-007
-1.06174e-007
-6.77003e-008
-1.75199e-008
4.73608e-008
1.18213e-007
1.7788e-007
2.10747e-007
2.12454e-007
1.92568e-007
1.68412e-007
1.54355e-007
1.53847e-007
1.5926e-007
1.58838e-007
1.45278e-007
1.2005e-007
9.12264e-008
6.72775e-008
5.15772e-008
4.12423e-008
3.04165e-008
1.49552e-008
-5.16844e-009
-2.72566e-008
-4.94301e-008
-7.29844e-008
-1.01288e-007
-1.35941e-007
-1.7343e-007
-2.0548e-007
-2.23476e-007
-2.24044e-007
-2.11654e-007
-1.96062e-007
-1.85964e-007
-1.82857e-007
-1.79124e-007
-1.61817e-007
-1.20185e-007
-5.26837e-008
3.06746e-008
1.12192e-007
1.7466e-007
2.09375e-007
2.19441e-007
2.16374e-007
2.12183e-007
2.12153e-007
2.1316e-007
2.08234e-007
1.9339e-007
1.71214e-007
1.48591e-007
1.30731e-007
1.16412e-007
9.8308e-008
6.84177e-008
2.4784e-008
-2.54927e-008
-6.94868e-008
-9.59536e-008
-1.01943e-007
-9.40171e-008
-8.35178e-008
-7.94521e-008
-8.38533e-008
-9.23508e-008
-9.88958e-008
-1.00791e-007
-1.00202e-007
-1.01151e-007
-1.04633e-007
-1.06153e-007
-9.82176e-008
-7.62491e-008
-4.32344e-008
-9.06787e-009
1.53901e-008
2.5269e-008
2.45059e-008
2.2556e-008
2.76465e-008
4.15641e-008
5.93145e-008
7.30435e-008
7.68096e-008
6.91006e-008
5.24094e-008
3.13117e-008
1.08338e-008
-4.25658e-009
-9.95424e-009
-4.28826e-009
1.07924e-008
2.85215e-008
3.91761e-008
3.47452e-008
1.40073e-008
-1.55002e-008
-4.06682e-008
-4.99033e-008
-4.00029e-008
-1.84132e-008
8.33987e-010
5.16589e-009
-9.51662e-009
-3.71535e-008
-6.57956e-008
-8.4627e-008
-8.93731e-008
-8.35075e-008
-7.53671e-008
-7.30526e-008
-7.96609e-008
-9.13315e-008
-9.94333e-008
-9.57847e-008
-7.7554e-008
-4.86138e-008
-1.6894e-008
9.79956e-009
2.65804e-008
3.19441e-008
2.70144e-008
1.49451e-008
6.23988e-010
-1.01362e-008
-1.23722e-008
-4.01752e-009
1.31156e-008
3.4308e-008
5.45364e-008
7.11983e-008
8.51691e-008
9.9474e-008
1.16597e-007
1.36369e-007
1.55714e-007
1.70171e-007
1.76173e-007
1.72954e-007
1.63098e-007
1.51212e-007
1.41248e-007
1.34167e-007
1.27581e-007
1.17617e-007
1.01598e-007
7.97335e-008
5.48323e-008
3.03042e-008
7.79309e-009
-1.38144e-008
-3.69975e-008
-6.26054e-008
-8.76101e-008
-1.058e-007
-1.11496e-007
-1.03849e-007
-8.84412e-008
-7.46272e-008
-7.01352e-008
-7.66611e-008
-8.96343e-008
-1.02267e-007
-1.10684e-007
-1.16148e-007
-1.228e-007
-1.33003e-007
-1.44136e-007
-1.49485e-007
-1.42726e-007
-1.2286e-007
-9.59737e-008
-7.21744e-008
-5.93464e-008
-5.7833e-008
-5.99754e-008
-5.52894e-008
-3.79106e-008
-1.09358e-008
1.56287e-008
3.17222e-008
3.36477e-008
2.54944e-008
1.52317e-008
9.08211e-009
8.36073e-009
1.04042e-008
1.20709e-008
1.29009e-008
1.58043e-008
2.50568e-008
4.30797e-008
6.80976e-008
9.41508e-008
1.13572e-007
1.20708e-007
1.14927e-007
1.01089e-007
8.68574e-008
7.82109e-008
7.60241e-008
7.61282e-008
7.27463e-008
6.2538e-008
4.61591e-008
2.66577e-008
6.89167e-009
-1.13395e-008
-2.59796e-008
-3.3323e-008
-2.90277e-008
-1.18936e-008
1.21182e-008
2.95683e-008
2.54071e-008
-6.781e-009
-5.6929e-008
-1.01511e-007
-1.19951e-007
-1.10461e-007

   Record Number: 8
   Aqu. Duration: 11.9603 ms
     Onset Delay: 0 ms
      No. Points: 292
    No. Averages: 1000
   No. Artifacts: 0
      Start Time: Fri Apr 16 14:23

    SigGen Index: 33
       Variables: 
                  Freq = 8000 Hz
                  Level = 20 dB
                  Atten-A = 70 dB
                  Phase = 270 deg
                  Duration = 5 ms
                  GateTime = 0.5 ms
5.45171e-008
8.91717e-008
1.21809e-007
1.45925e-007
1.56208e-007
1.50198e-007
1.298e-007
1.01591e-007
7.48757e-008
5.79029e-008
5.42967e-008
6.18497e-008
7.42062e-008
8.4156e-008
8.66342e-008
8.01457e-008
6.63743e-008
4.85073e-008
2.92153e-008
9.38991e-009
-1.15006e-008
-3.35484e-008
-5.44545e-008
-6.94694e-008
-7.41181e-008
-6.83116e-008
-5.86918e-008
-5.65701e-008
-7.17417e-008
-1.05794e-007
-1.49537e-007
-1.8679e-007
-2.0256e-007
-1.90849e-007
-1.57616e-007
-1.17369e-007
-8.54289e-008
-7.02526e-008
-7.01468e-008
-7.60841e-008
-7.84561e-008
-7.30242e-008
-6.22374e-008
-5.18763e-008
-4.64e-008
-4.66268e-008
-5.07024e-008
-5.64338e-008
-6.24421e-008
-6.73752e-008
-6.86082e-008
-6.22859e-008
-4.50478e-008
-1.60665e-008
2.22231e-008
6.51895e-008
1.08e-007
1.47147e-007
1.80549e-007
2.06371e-007
2.21746e-007
2.22896e-007
2.07208e-007
1.76019e-007
1.35692e-007
9.54224e-008
6.2762e-008
3.99566e-008
2.38528e-008
9.53222e-009
-4.95026e-009
-1.61652e-008
-1.70205e-008
-1.48316e-009
3.08511e-008
7.33536e-008
1.14979e-007
1.45214e-007
1.58513e-007
1.56049e-007
1.44307e-007
1.31408e-007
1.22898e-007
1.18877e-007
1.13909e-007
9.98102e-008
7.00134e-008
2.34839e-008
-3.3579e-008
-8.9175e-008
-1.29822e-007
-1.46171e-007
-1.37359e-007
-1.11849e-007
-8.41927e-008
-6.93546e-008
-7.72273e-008
-1.09513e-007
-1.59775e-007
-2.163e-007
-2.66629e-007
-3.02057e-007
-3.20259e-007
-3.24859e-007
-3.22235e-007
-3.17318e-007
-3.10589e-007
-2.97681e-007
-2.71686e-007
-2.27154e-007
-1.64031e-007
-8.93747e-008
-1.51073e-008
4.78238e-008
9.56459e-008
1.33866e-007
1.73158e-007
2.21388e-007
2.77137e-007
3.29138e-007
3.62045e-007
3.64906e-007
3.37239e-007
2.89339e-007
2.37006e-007
1.9404e-007
1.66806e-007
1.53526e-007
1.47731e-007
1.42926e-007
1.35571e-007
1.25471e-007
1.14486e-007
1.04792e-007
9.73744e-008
9.08935e-008
8.12459e-008
6.24912e-008
2.96028e-008
-1.78599e-008
-7.3614e-008
-1.26372e-007
-1.65218e-007
-1.85392e-007
-1.90465e-007
-1.89244e-007
-1.8948e-007
-1.92671e-007
-1.93468e-007
-1.83968e-007
-1.59871e-007
-1.2433e-007
-8.69598e-008
-5.87603e-008
-4.63138e-008
-4.89498e-008
-6.04051e-008
-7.34327e-008
-8.39531e-008
-9.19596e-008
-9.90143e-008
-1.04845e-007
-1.06102e-007
-9.82918e-008
-7.90974e-008
-5.0381e-008
-1.76125e-008
1.24621e-008
3.4387e-008
4.58711e-008
4.86914e-008
4.83964e-008
5.25451e-008
6.7707e-008
9.6298e-008
1.34806e-007
1.7455e-007
2.04937e-007
2.1788e-007
2.1121e-007
1.8923e-007
1.60056e-007
1.31394e-007
1.07319e-007
8.77263e-008
7.01778e-008
5.2519e-008
3.46278e-008
1.86161e-008
7.77986e-009
5.05755e-009
1.16358e-008
2.6002e-008
4.36409e-008
5.77147e-008
6.10533e-008
4.92153e-008
2.33533e-008
-9.15758e-009
-3.77882e-008
-5.47333e-008
-6.00475e-008
-6.20521e-008
-7.19335e-008
-9.57881e-008
-1.29608e-007
-1.60844e-007
-1.756e-007
-1.66703e-007
-1.37544e-007
-9.96835e-008
-6.62976e-008
-4.59155e-008
-4.00282e-008
-4.50965e-008
-5.65081e-008
-7.12594e-008
-8.78437e-008
-1.04411e-007
-1.17575e-007
-1.23324e-007
-1.1937e-007
-1.06775e-007
-8.92046e-008
-7.01777e-008
-5.05805e-008
-2.87399e-008
-3.12756e-009
2.47888e-008
5.04434e-008
6.92888e-008
8.05326e-008
8.81385e-008
9.79463e-008
1.12875e-007
1.29751e-007
1.40377e-007
1.36663e-007
1.1659e-007
8.67617e-008
5.93516e-008
4.52028e-008
4.77549e-008
6.19033e-008
7.83207e-008
8.98888e-008
9.56132e-008
9.95334e-008
1.05941e-007
1.14824e-007
1.20965e-007
1.1717e-007
9.90554e-008
6.80794e-008
3.1101e-008
-2.89037e-009
-2.68981e-008
-3.89404e-008
-4.27459e-008
-4.57791e-008
-5.52924e-008
-7.42537e-008
-9.94974e-008
-1.23429e-007
-1.38359e-007
-1.40676e-007
-1.32169e-007
-1.17946e-007
-1.02863e-007
-8.91217e-008
-7.62808e-008
-6.29034e-008
-4.82184e-008
-3.27743e-008
-1.80409e-008
-5.49583e-009
4.13323e-009
1.10286e-008
1.58866e-008
1.94573e-008
2.25164e-008
2.62387e-008
3.2299e-008
4.19673e-008
5.43636e-008
6.52863e-008
6.83423e-008
5.86451e-008
3.67715e-008
9.18093e-009
-1.6705e-008
-3.8411e-008

   Record Number: 9
   Aqu. Duration: 11.9603 ms
     Onset Delay: 0 ms
      No. Points: 292
    No. Averages: 1000
   No. Artifacts: 0
      Start Time: Fri Apr 16 14:23

    SigGen Index: 34
       Variables: 
                  Freq = 8000 Hz
                  Level = 15 dB
                  Atten-A = 75 dB
                  Phase = 270 deg
                  Duration = 5 ms
                  GateTime = 0.5 ms
6.78264e-008
7.64235e-008
5.84135e-008
2.12195e-008
-1.70711e-008
-3.64793e-008
-2.55987e-008
1.23032e-008
6.12281e-008
1.01344e-007
1.19423e-007
1.14507e-007
9.57674e-008
7.48794e-008
5.87005e-008
4.72313e-008
3.7272e-008
2.7567e-008
2.04274e-008
1.84884e-008
2.00066e-008
1.76582e-008
2.834e-009
-2.74701e-008
-6.67077e-008
-1.01403e-007
-1.18932e-007
-1.15014e-007
-9.56139e-008
-7.20353e-008
-5.28031e-008
-3.8097e-008
-2.07642e-008
6.60897e-009
4.35668e-008
7.88702e-008
9.58059e-008
8.28167e-008
4.22235e-008
-9.4582e-009
-5.04909e-008
-6.65071e-008
-5.83597e-008
-4.00502e-008
-2.83836e-008
-3.15993e-008
-4.46574e-008
-5.39569e-008
-4.77071e-008
-2.45449e-008
5.41739e-009
2.75019e-008
3.23012e-008
2.16376e-008
6.7217e-009
-1.47621e-011
6.35985e-009
2.01064e-008
2.93671e-008
2.50364e-008
7.39946e-009
-1.42325e-008
-2.82872e-008
-2.88196e-008
-1.88478e-008
-7.23661e-009
-1.93087e-009
-4.61508e-009
-1.04834e-008
-1.29161e-008
-9.18367e-009
-2.56736e-009
7.91065e-010
-2.34232e-009
-8.75007e-009
-1.05114e-008
-8.25013e-010
2.06261e-008
4.69727e-008
6.86184e-008
7.93503e-008
7.9536e-008
7.43862e-008
6.91489e-008
6.52992e-008
6.07642e-008
5.37743e-008
4.66976e-008
4.59419e-008
5.72351e-008
7.9745e-008
1.03979e-007
1.15857e-007
1.04808e-007
7.06119e-008
2.42855e-008
-1.79503e-008
-4.40393e-008
-5.28661e-008
-5.4039e-008
-6.08799e-008
-8.14242e-008
-1.13537e-007
-1.47214e-007
-1.71927e-007
-1.83366e-007
-1.84757e-007
-1.82522e-007
-1.80467e-007
-1.77322e-007
-1.69092e-007
-1.53738e-007
-1.34236e-007
-1.17485e-007
-1.09459e-007
-1.09799e-007
-1.10062e-007
-9.78553e-008
-6.46969e-008
-1.21064e-008
4.87333e-008
1.03599e-007
1.43203e-007
1.66899e-007
1.8033e-007
1.89945e-007
1.98993e-007
2.07408e-007
2.14402e-007
2.20702e-007
2.28163e-007
2.3708e-007
2.43679e-007
2.40414e-007
2.19719e-007
1.7915e-007
1.2441e-007
6.76894e-008
2.17198e-008
-7.05909e-009
-2.16814e-008
-3.16869e-008
-4.57267e-008
-6.50169e-008
-8.27086e-008
-8.98688e-008
-8.35083e-008
-7.03044e-008
-6.29315e-008
-7.16172e-008
-9.7129e-008
-1.30153e-007
-1.5722e-007
-1.68848e-007
-1.64498e-007
-1.51404e-007
-1.38424e-007
-1.29406e-007
-1.20961e-007
-1.06372e-007
-8.24367e-008
-5.3581e-008
-2.95928e-008
-1.85186e-008
-2.02214e-008
-2.58364e-008
-2.3968e-008
-9.20393e-009
1.35738e-008
3.26304e-008
3.81011e-008
2.92933e-008
1.49804e-008
6.59684e-009
9.5866e-009
1.93551e-008
2.48104e-008
1.69834e-008
-3.49209e-009
-2.55415e-008
-3.42368e-008
-2.03173e-008
1.38269e-008
5.55848e-008
8.97444e-008
1.07043e-007
1.08065e-007
1.00424e-007
9.19281e-008
8.50628e-008
7.66066e-008
6.20342e-008
4.06615e-008
1.72182e-008
-1.31101e-009
-1.08292e-008
-1.30294e-008
-1.37575e-008
-1.80383e-008
-2.53835e-008
-2.88689e-008
-1.90714e-008
9.25891e-009
5.20498e-008
9.60568e-008
1.24866e-007
1.27303e-007
1.03007e-007
6.18893e-008
1.82578e-008
-1.64328e-008
-3.79834e-008
-4.89508e-008
-5.43292e-008
-5.68744e-008
-5.5619e-008
-4.85187e-008
-3.66435e-008
-2.58647e-008
-2.40176e-008
-3.53976e-008
-5.68773e-008
-7.89026e-008
-9.09972e-008
-8.80214e-008
-7.28666e-008
-5.3871e-008
-3.90536e-008
-3.14492e-008
-2.8771e-008
-2.70859e-008
-2.49615e-008
-2.43587e-008
-2.7659e-008
-3.38567e-008
-3.77367e-008
-3.31447e-008
-1.77961e-008
4.34853e-009
2.53005e-008
3.84927e-008
4.3492e-008
4.62924e-008
5.46753e-008
7.18904e-008
9.33185e-008
1.08692e-007
1.08491e-007
9.01808e-008
5.99578e-008
2.87599e-008
5.35846e-009
-8.45748e-009
-1.72448e-008
-2.67135e-008
-3.83073e-008
-4.77846e-008
-4.86817e-008
-3.77483e-008
-1.80696e-008
2.53378e-009
1.66633e-008
2.22085e-008
2.31766e-008
2.56911e-008
3.21907e-008
3.85523e-008
3.67294e-008
2.10605e-008
-6.61989e-009
-3.70346e-008
-5.87231e-008
-6.48354e-008
-5.68996e-008
-4.32188e-008
-3.31391e-008
-3.10822e-008
-3.42857e-008
-3.55476e-008
-2.87274e-008
-1.2921e-008
7.50764e-009
2.64966e-008
4.01657e-008
4.78303e-008
4.98967e-008
4.5506e-008
3.30634e-008
1.35417e-008
-7.50283e-009
-2.3386e-008
-3.23243e-008

