ABR Group Header  ==================================
    Group Number: 0
         Records: 11
  SigGen File #1: TonePip_B_long505-100
  SigGen File #2: 
      Subject ID: 210308F1HL-post
    Reference #1: 20210416
    Reference #2: female
            Memo:  
      Start Time: Fri Apr 16 14:24
        End Time: Thu Apr 08 14:33
----------------------------------------------------

   Record Number: 0
   Aqu. Duration: 11.9603 ms
     Onset Delay: 0 ms
      No. Points: 292
    No. Averages: 956
   No. Artifacts: 0
      Start Time: Fri Apr 16 14:25

    SigGen Index: 37
       Variables: 
                  Freq = 16000 Hz
                  Level = 90 dB
                  Atten-A = 0 dB
                  Phase = 270 deg
                  Duration = 5 ms
                  GateTime = 0.5 ms
1.63873e-007
1.30426e-007
6.91621e-008
-1.09648e-008
-9.59818e-008
-1.72714e-007
-2.32332e-007
-2.71344e-007
-2.91397e-007
-2.98882e-007
-3.04406e-007
-3.20325e-007
-3.55418e-007
-4.09873e-007
-4.74202e-007
-5.32729e-007
-5.70319e-007
-5.78588e-007
-5.57605e-007
-5.13594e-007
-4.55115e-007
-3.8946e-007
-3.21785e-007
-2.56926e-007
-2.0037e-007
-1.56415e-007
-1.23682e-007
-9.01743e-008
-3.29961e-008
7.41173e-008
2.47269e-007
4.78639e-007
7.3143e-007
9.49201e-007
1.07589e-006
1.07696e-006
9.51215e-007
7.27292e-007
4.48512e-007
1.55656e-007
-1.23366e-007
-3.72384e-007
-5.78076e-007
-7.22296e-007
-7.81933e-007
-7.37274e-007
-5.83648e-007
-3.37451e-007
-3.24966e-008
2.90312e-007
5.94169e-007
8.52531e-007
1.04871e-006
1.17262e-006
1.21861e-006
1.1864e-006
1.08402e-006
9.27508e-007
7.34915e-007
5.18139e-007
2.78628e-007
1.25961e-008
-2.75379e-007
-5.60418e-007
-7.97301e-007
-9.35423e-007
-9.42383e-007
-8.22172e-007
-6.16397e-007
-3.87747e-007
-1.94267e-007
-6.8193e-008
-1.00112e-008
2.02019e-009
-5.60904e-009
-1.68714e-008
-3.08546e-008
-5.60269e-008
-1.00953e-007
-1.6791e-007
-2.52771e-007
-3.49313e-007
-4.52578e-007
-5.58671e-007
-6.61635e-007
-7.49994e-007
-8.06913e-007
-8.14895e-007
-7.62404e-007
-6.49548e-007
-4.89558e-007
-3.04621e-007
-1.18923e-007
4.76478e-008
1.82659e-007
2.80013e-007
3.37109e-007
3.53375e-007
3.30597e-007
2.74515e-007
1.95974e-007
1.10033e-007
3.36381e-008
-1.81367e-008
-3.67261e-008
-2.20049e-008
1.97875e-008
7.95282e-008
1.48286e-007
2.19097e-007
2.87361e-007
3.51461e-007
4.13467e-007
4.77843e-007
5.47936e-007
6.21914e-007
6.906e-007
7.40022e-007
7.58325e-007
7.4244e-007
6.99841e-007
6.4427e-007
5.87805e-007
5.34048e-007
4.76918e-007
4.05567e-007
3.11529e-007
1.93257e-007
5.60745e-008
-9.08914e-008
-2.37728e-007
-3.74806e-007
-4.92262e-007
-5.79897e-007
-6.29154e-007
-6.36891e-007
-6.08483e-007
-5.574e-007
-5.0039e-007
-4.50517e-007
-4.12125e-007
-3.8089e-007
-3.48896e-007
-3.1132e-007
-2.70233e-007
-2.3316e-007
-2.07834e-007
-1.97094e-007
-1.97209e-007
-2.00075e-007
-1.97357e-007
-1.84247e-007
-1.61288e-007
-1.33772e-007
-1.09031e-007
-9.2738e-008
-8.59533e-008
-8.44666e-008
-8.09012e-008
-6.84293e-008
-4.39884e-008
-9.25222e-009
3.09186e-008
7.12634e-008
1.08325e-007
1.41064e-007
1.70231e-007
1.97469e-007
2.24619e-007
2.52845e-007
2.81277e-007
3.05822e-007
3.19525e-007
3.15068e-007
2.88426e-007
2.41626e-007
1.82962e-007
1.24399e-007
7.72233e-008
4.79146e-008
3.62278e-008
3.65322e-008
4.17025e-008
4.71885e-008
5.26122e-008
5.98936e-008
6.94557e-008
7.75784e-008
7.72543e-008
6.23727e-008
3.23765e-008
-6.32984e-009
-4.39172e-008
-7.34929e-008
-9.55783e-008
-1.17091e-007
-1.4534e-007
-1.81373e-007
-2.1751e-007
-2.40887e-007
-2.40714e-007
-2.14494e-007
-1.69249e-007
-1.17191e-007
-6.91791e-008
-3.05692e-008
-1.74046e-009
1.8355e-008
2.94807e-008
3.0711e-008
2.33358e-008
1.27564e-008
6.91038e-009
1.18915e-008
2.80174e-008
4.94557e-008
6.78765e-008
7.76596e-008
7.91746e-008
7.81392e-008
8.17461e-008
9.4163e-008
1.1404e-007
1.35215e-007
1.50011e-007
1.5326e-007
1.44768e-007
1.28682e-007
1.10149e-007
9.1572e-008
7.12457e-008
4.53218e-008
1.15099e-008
-2.83369e-008
-6.85715e-008
-1.0256e-007
-1.25767e-007
-1.37031e-007
-1.37572e-007
-1.29073e-007
-1.12671e-007
-8.96937e-008
-6.32803e-008
-3.89275e-008
-2.26475e-008
-1.74964e-008
-2.11478e-008
-2.69477e-008
-2.83564e-008
-2.38536e-008
-1.86246e-008
-2.13283e-008
-3.76881e-008
-6.52352e-008
-9.32793e-008
-1.08804e-007
-1.04576e-007
-8.37206e-008
-5.73025e-008
-3.65671e-008
-2.54613e-008
-1.87837e-008
-7.1283e-009
1.51511e-008
4.49209e-008
7.19961e-008
8.63169e-008
8.50443e-008
7.41994e-008
6.39289e-008
6.14035e-008
6.66767e-008
7.39595e-008
7.65763e-008
7.16355e-008
6.12694e-008
5.00693e-008
4.10737e-008
3.36051e-008
2.46512e-008
1.2407e-008
-1.38736e-009
-1.25941e-008
-1.82498e-008
-1.9114e-008
-1.87702e-008
-2.03253e-008
-2.41738e-008
-2.90959e-008
-3.51126e-008
-4.40039e-008
-5.6704e-008

   Record Number: 1
   Aqu. Duration: 11.9603 ms
     Onset Delay: 0 ms
      No. Points: 292
    No. Averages: 810
   No. Artifacts: 0
      Start Time: Fri Apr 16 14:26

    SigGen Index: 39
       Variables: 
                  Freq = 16000 Hz
                  Level = 80 dB
                  Atten-A = 10 dB
                  Phase = 270 deg
                  Duration = 5 ms
                  GateTime = 0.5 ms
1.18446e-007
1.81518e-007
2.25571e-007
2.40057e-007
2.20207e-007
1.67877e-007
9.2504e-008
1.02709e-008
-6.05123e-008
-1.06619e-007
-1.25722e-007
-1.26871e-007
-1.2467e-007
-1.30757e-007
-1.48275e-007
-1.72514e-007
-1.96679e-007
-2.18223e-007
-2.40541e-007
-2.68798e-007
-3.03578e-007
-3.37498e-007
-3.57928e-007
-3.54404e-007
-3.25067e-007
-2.77403e-007
-2.23172e-007
-1.71043e-007
-1.21781e-007
-6.88512e-008
-3.31051e-009
8.03131e-008
1.8049e-007
2.89037e-007
3.93827e-007
4.8137e-007
5.38255e-007
5.52131e-007
5.13953e-007
4.22022e-007
2.8548e-007
1.24107e-007
-3.67992e-008
-1.74785e-007
-2.77056e-007
-3.41028e-007
-3.68379e-007
-3.57264e-007
-2.99367e-007
-1.85291e-007
-1.48876e-008
1.9498e-007
4.11382e-007
5.96001e-007
7.20134e-007
7.75509e-007
7.75237e-007
7.44738e-007
7.077e-007
6.74443e-007
6.37781e-007
5.77437e-007
4.70637e-007
3.03969e-007
8.16406e-008
-1.7262e-007
-4.20689e-007
-6.20391e-007
-7.37488e-007
-7.55594e-007
-6.80765e-007
-5.39174e-007
-3.69344e-007
-2.11882e-007
-9.98961e-008
-5.27082e-008
-7.37633e-008
-1.52424e-007
-2.68921e-007
-4.00625e-007
-5.27534e-007
-6.35492e-007
-7.16319e-007
-7.65764e-007
-7.81464e-007
-7.62302e-007
-7.0938e-007
-6.27576e-007
-5.25823e-007
-4.15415e-007
-3.07078e-007
-2.07959e-007
-1.20002e-007
-4.03606e-008
3.67003e-008
1.17175e-007
2.05156e-007
3.02141e-007
4.07163e-007
5.16437e-007
6.22211e-007
7.11977e-007
7.70517e-007
7.85614e-007
7.54426e-007
6.86274e-007
5.9947e-007
5.13353e-007
4.40511e-007
3.84087e-007
3.40666e-007
3.05552e-007
2.76496e-007
2.53676e-007
2.36945e-007
2.23459e-007
2.07804e-007
1.84554e-007
1.51263e-007
1.09514e-007
6.33417e-008
1.65913e-008
-2.88954e-008
-7.34152e-008
-1.17953e-007
-1.62026e-007
-2.02496e-007
-2.34932e-007
-2.57267e-007
-2.72948e-007
-2.90161e-007
-3.16369e-007
-3.51763e-007
-3.8711e-007
-4.08613e-007
-4.06585e-007
-3.81272e-007
-3.41285e-007
-2.96186e-007
-2.49499e-007
-1.97774e-007
-1.36152e-007
-6.55435e-008
4.54762e-009
6.00207e-008
9.03443e-008
9.52579e-008
8.53927e-008
7.6235e-008
7.91627e-008
9.5121e-008
1.14794e-007
1.24964e-007
1.16767e-007
9.04403e-008
5.38204e-008
1.64397e-008
-1.60085e-008
-4.29434e-008
-6.5888e-008
-8.46504e-008
-9.64162e-008
-9.84378e-008
-9.14479e-008
-8.00729e-008
-6.929e-008
-5.9924e-008
-4.75161e-008
-2.60701e-008
6.24023e-009
4.41586e-008
7.76786e-008
9.79475e-008
1.02591e-007
9.69623e-008
9.06631e-008
9.16753e-008
1.01883e-007
1.16729e-007
1.28964e-007
1.33823e-007
1.32158e-007
1.29565e-007
1.32104e-007
1.41416e-007
1.52597e-007
1.56635e-007
1.46165e-007
1.20793e-007
8.82224e-008
6.01073e-008
4.51364e-008
4.36936e-008
4.75038e-008
4.4578e-008
2.6358e-008
-7.65438e-009
-5.08655e-008
-9.5073e-008
-1.35884e-007
-1.7378e-007
-2.10483e-007
-2.44395e-007
-2.69586e-007
-2.79621e-007
-2.73203e-007
-2.56708e-007
-2.40852e-007
-2.33368e-007
-2.33022e-007
-2.29786e-007
-2.11631e-007
-1.73433e-007
-1.21683e-007
-7.14652e-008
-3.744e-008
-2.46552e-008
-2.5172e-008
-2.26925e-008
-2.16342e-009
4.18672e-008
1.03297e-007
1.69423e-007
2.28497e-007
2.74282e-007
3.05294e-007
3.21195e-007
3.20953e-007
3.04839e-007
2.77848e-007
2.50113e-007
2.32377e-007
2.29283e-007
2.35594e-007
2.3861e-007
2.2562e-007
1.91729e-007
1.43052e-007
9.30854e-008
5.42531e-008
2.9837e-008
1.16973e-008
-1.42038e-008
-5.76804e-008
-1.16413e-007
-1.76095e-007
-2.18999e-007
-2.35191e-007
-2.28592e-007
-2.13827e-007
-2.06314e-007
-2.12468e-007
-2.2641e-007
-2.34898e-007
-2.26684e-007
-1.99823e-007
-1.62271e-007
-1.25951e-007
-9.89265e-008
-8.11966e-008
-6.66143e-008
-4.89189e-008
-2.71052e-008
-6.11096e-009
7.55799e-009
1.16838e-008
1.0851e-008
1.34604e-008
2.56455e-008
4.70423e-008
7.16787e-008
9.29084e-008
1.08131e-007
1.19535e-007
1.30516e-007
1.40876e-007
1.4491e-007
1.34448e-007
1.05319e-007
6.27276e-008
2.09891e-008
-3.45719e-009
-1.87152e-009
2.0751e-008
4.7926e-008
6.09576e-008
4.90414e-008
1.37199e-008
-3.43989e-008
-8.34659e-008
-1.27216e-007
-1.66418e-007

   Record Number: 2
   Aqu. Duration: 11.9603 ms
     Onset Delay: 0 ms
      No. Points: 292
    No. Averages: 752
   No. Artifacts: 0
      Start Time: Fri Apr 16 14:26

    SigGen Index: 41
       Variables: 
                  Freq = 16000 Hz
                  Level = 70 dB
                  Atten-A = 20 dB
                  Phase = 270 deg
                  Duration = 5 ms
                  GateTime = 0.5 ms
4.37016e-008
4.00366e-008
2.6807e-008
1.27598e-008
7.63916e-009
1.56349e-008
3.24789e-008
4.85979e-008
5.59437e-008
5.30835e-008
4.46472e-008
3.59817e-008
2.77136e-008
1.49324e-008
-8.11557e-009
-4.17165e-008
-7.81423e-008
-1.05154e-007
-1.13235e-007
-1.01615e-007
-7.90703e-008
-5.92003e-008
-5.32129e-008
-6.43276e-008
-8.69242e-008
-1.10873e-007
-1.28236e-007
-1.37946e-007
-1.45107e-007
-1.54929e-007
-1.65488e-007
-1.65109e-007
-1.37425e-007
-7.17646e-008
2.78728e-008
1.41733e-007
2.4219e-007
3.05694e-007
3.21513e-007
2.92741e-007
2.30621e-007
1.47334e-007
5.20377e-008
-4.84856e-008
-1.46852e-007
-2.33184e-007
-2.95877e-007
-3.24301e-007
-3.11619e-007
-2.56102e-007
-1.60697e-007
-3.19318e-008
1.20625e-007
2.8395e-007
4.40962e-007
5.7141e-007
6.55502e-007
6.80061e-007
6.44829e-007
5.64867e-007
4.66013e-007
3.74342e-007
3.04611e-007
2.54052e-007
2.05217e-007
1.36415e-007
3.42e-008
-9.85652e-008
-2.43076e-007
-3.72505e-007
-4.62681e-007
-5.00152e-007
-4.84761e-007
-4.2735e-007
-3.45355e-007
-2.58549e-007
-1.85626e-007
-1.41259e-007
-1.33253e-007
-1.60526e-007
-2.13509e-007
-2.77677e-007
-3.39087e-007
-3.89156e-007
-4.25935e-007
-4.51422e-007
-4.67207e-007
-4.7167e-007
-4.60723e-007
-4.31147e-007
-3.83438e-007
-3.2172e-007
-2.50939e-007
-1.73908e-007
-9.08676e-008
-1.84793e-009
9.0489e-008
1.80233e-007
2.6076e-007
3.287e-007
3.86083e-007
4.38633e-007
4.90961e-007
5.4175e-007
5.82515e-007
6.0129e-007
5.89221e-007
5.46052e-007
4.81011e-007
4.08283e-007
3.40073e-007
2.81878e-007
2.32751e-007
1.89596e-007
1.51731e-007
1.22027e-007
1.03925e-007
9.70452e-008
9.52928e-008
8.95035e-008
7.30392e-008
4.6149e-008
1.5669e-008
-9.92211e-009
-2.67071e-008
-3.84366e-008
-5.41769e-008
-8.19122e-008
-1.22532e-007
-1.68577e-007
-2.08862e-007
-2.35938e-007
-2.51126e-007
-2.63255e-007
-2.81611e-007
-3.08043e-007
-3.34225e-007
-3.465e-007
-3.34991e-007
-3.00292e-007
-2.5281e-007
-2.05326e-007
-1.64489e-007
-1.2768e-007
-8.74635e-008
-3.99577e-008
9.61874e-009
4.88045e-008
6.60505e-008
5.91955e-008
3.7898e-008
1.80273e-008
1.18961e-008
2.1216e-008
3.75224e-008
4.92853e-008
5.02538e-008
4.31139e-008
3.62373e-008
3.62996e-008
4.24105e-008
4.61827e-008
3.77378e-008
1.32529e-008
-2.14214e-008
-5.35727e-008
-7.07369e-008
-6.71548e-008
-4.55729e-008
-1.40761e-008
1.89765e-008
4.82919e-008
7.18855e-008
8.95327e-008
1.01532e-007
1.08644e-007
1.12514e-007
1.15537e-007
1.199e-007
1.26393e-007
1.33873e-007
1.39825e-007
1.41714e-007
1.38208e-007
1.29503e-007
1.16753e-007
1.01301e-007
8.42374e-008
6.61676e-008
4.68981e-008
2.54326e-008
9.63621e-010
-2.54549e-008
-5.02362e-008
-6.88644e-008
-7.8717e-008
-8.04232e-008
-7.63619e-008
-6.78591e-008
-5.40781e-008
-3.40246e-008
-1.00208e-008
1.07366e-008
1.86847e-008
7.29991e-009
-2.23565e-008
-6.13478e-008
-9.72887e-008
-1.20811e-007
-1.30091e-007
-1.3062e-007
-1.30431e-007
-1.34125e-007
-1.40058e-007
-1.42621e-007
-1.37378e-007
-1.24519e-007
-1.07864e-007
-9.08014e-008
-7.30821e-008
-5.13131e-008
-2.27091e-008
1.08542e-008
4.16376e-008
5.90252e-008
5.54373e-008
3.18397e-008
-8.51405e-010
-2.61604e-008
-3.02707e-008
-9.15828e-009
2.99339e-008
7.34663e-008
1.09455e-007
1.33063e-007
1.46802e-007
1.55993e-007
1.63144e-007
1.65459e-007
1.57265e-007
1.35351e-007
1.02707e-007
6.74031e-008
3.74962e-008
1.6304e-008
1.95647e-009
-8.7805e-009
-1.61408e-008
-1.64574e-008
-5.61688e-009
1.59483e-008
4.0957e-008
5.80113e-008
5.79579e-008
3.96279e-008
1.09315e-008
-1.55473e-008
-2.95777e-008
-2.8469e-008
-1.74826e-008
-5.80816e-009
-1.0965e-009
-5.9811e-009
-1.82672e-008
-3.38453e-008
-4.97156e-008
-6.49699e-008
-7.9671e-008
-9.33181e-008
-1.04508e-007
-1.11916e-007
-1.15434e-007
-1.16144e-007
-1.14819e-007
-1.10004e-007
-9.75759e-008
-7.28962e-008
-3.46042e-008
1.25926e-008
5.84693e-008
9.13227e-008
1.0332e-007
9.41866e-008
7.12431e-008
4.57847e-008
2.76676e-008
2.09719e-008
2.30089e-008
2.69033e-008
2.58801e-008
1.67553e-008
6.10703e-010

   Record Number: 3
   Aqu. Duration: 11.9603 ms
     Onset Delay: 0 ms
      No. Points: 292
    No. Averages: 1000
   No. Artifacts: 0
      Start Time: Fri Apr 16 14:27

    SigGen Index: 43
       Variables: 
                  Freq = 16000 Hz
                  Level = 60 dB
                  Atten-A = 30 dB
                  Phase = 270 deg
                  Duration = 5 ms
                  GateTime = 0.5 ms
3.45327e-008
6.23117e-008
8.85377e-008
1.04997e-007
1.06415e-007
9.3109e-008
7.06048e-008
4.61153e-008
2.3992e-008
3.3818e-009
-1.98876e-008
-4.83719e-008
-7.89589e-008
-1.03345e-007
-1.13182e-007
-1.06072e-007
-8.77288e-008
-6.86562e-008
-5.78895e-008
-5.82874e-008
-6.64259e-008
-7.664e-008
-8.57805e-008
-9.50006e-008
-1.0736e-007
-1.23397e-007
-1.38579e-007
-1.4514e-007
-1.37158e-007
-1.15013e-007
-8.55742e-008
-5.75886e-008
-3.52798e-008
-1.46297e-008
1.46123e-008
6.16604e-008
1.26439e-007
1.96066e-007
2.49255e-007
2.66639e-007
2.40734e-007
1.793e-007
1.00244e-007
2.17445e-008
-4.60035e-008
-1.02597e-007
-1.52566e-007
-1.98068e-007
-2.34534e-007
-2.51927e-007
-2.40047e-007
-1.93714e-007
-1.14588e-007
-9.47158e-009
1.12529e-007
2.41298e-007
3.64847e-007
4.6825e-007
5.35134e-007
5.52822e-007
5.1913e-007
4.46513e-007
3.59673e-007
2.85954e-007
2.42322e-007
2.25799e-007
2.13573e-007
1.74241e-007
8.52115e-008
-5.30736e-008
-2.14554e-007
-3.58777e-007
-4.49963e-007
-4.73094e-007
-4.38047e-007
-3.70443e-007
-2.96299e-007
-2.30698e-007
-1.76679e-007
-1.32565e-007
-1.00312e-007
-8.79509e-008
-1.04634e-007
-1.52573e-007
-2.22269e-007
-2.9482e-007
-3.49964e-007
-3.74714e-007
-3.6731e-007
-3.34677e-007
-2.86186e-007
-2.2856e-007
-1.65083e-007
-9.83228e-008
-3.2758e-008
2.57174e-008
7.32397e-008
1.11308e-007
1.46689e-007
1.87073e-007
2.35113e-007
2.8521e-007
3.25874e-007
3.46649e-007
3.44948e-007
3.27823e-007
3.07249e-007
2.92197e-007
2.82877e-007
2.70951e-007
2.45366e-007
1.99871e-007
1.37482e-007
6.93559e-008
9.06098e-009
-3.39619e-008
-5.78183e-008
-6.68798e-008
-6.73976e-008
-6.335e-008
-5.51714e-008
-4.16064e-008
-2.27194e-008
-1.56703e-009
1.66843e-008
2.73965e-008
2.87688e-008
2.21422e-008
1.03124e-008
-4.65098e-009
-2.24313e-008
-4.37197e-008
-6.84015e-008
-9.41659e-008
-1.16811e-007
-1.32271e-007
-1.38896e-007
-1.38096e-007
-1.32765e-007
-1.24877e-007
-1.14368e-007
-1.001e-007
-8.18036e-008
-6.10538e-008
-4.03518e-008
-2.1145e-008
-2.72775e-009
1.66928e-008
3.74522e-008
5.66863e-008
6.9311e-008
7.14778e-008
6.40408e-008
5.31644e-008
4.70738e-008
5.08321e-008
6.27171e-008
7.48456e-008
7.77956e-008
6.62668e-008
4.21422e-008
1.2968e-008
-1.31536e-008
-3.27231e-008
-4.82676e-008
-6.49144e-008
-8.48144e-008
-1.03954e-007
-1.14065e-007
-1.08335e-007
-8.66609e-008
-5.65146e-008
-2.8737e-008
-1.126e-008
-5.15064e-009
-5.42382e-009
-5.43811e-009
-1.29218e-009
6.77973e-009
1.62822e-008
2.53634e-008
3.41131e-008
4.33862e-008
5.26018e-008
5.88542e-008
5.84819e-008
5.00313e-008
3.61574e-008
2.25831e-008
1.44518e-008
1.26377e-008
1.29677e-008
9.32561e-009
-1.36012e-009
-1.59016e-008
-2.60254e-008
-2.35019e-008
-5.94573e-009
2.0654e-008
4.46729e-008
5.54941e-008
4.99352e-008
3.40952e-008
1.90806e-008
1.3302e-008
1.67051e-008
2.1237e-008
1.74438e-008
2.32765e-009
-1.77164e-008
-3.14043e-008
-3.11015e-008
-1.87027e-008
-4.27968e-009
1.42592e-009
-5.02779e-009
-1.72401e-008
-2.36868e-008
-1.63e-008
3.24727e-009
2.41024e-008
3.33082e-008
2.44243e-008
1.72838e-009
-2.27212e-008
-3.69353e-008
-3.63752e-008
-2.59831e-008
-1.56649e-008
-1.25616e-008
-1.58229e-008
-1.78493e-008
-1.10564e-008
5.16226e-009
2.29007e-008
3.11171e-008
2.39503e-008
5.48477e-009
-1.29532e-008
-2.10406e-008
-1.68962e-008
-8.03731e-009
-5.30139e-009
-1.44721e-008
-3.18061e-008
-4.65536e-008
-4.84743e-008
-3.49314e-008
-1.26423e-008
6.96489e-009
1.54123e-008
1.25129e-008
5.7469e-009
4.17787e-009
1.12902e-008
2.20792e-008
2.6839e-008
1.9145e-008
2.06618e-009
-1.25568e-008
-1.20296e-008
7.48865e-009
3.6934e-008
5.9678e-008
6.29177e-008
4.68333e-008
2.45669e-008
1.28536e-008
2.01057e-008
4.0532e-008
5.82701e-008
5.82808e-008
3.6336e-008
1.58489e-009
-2.95034e-008
-4.34141e-008
-3.72658e-008
-1.92766e-008
-2.61582e-009
2.31317e-009
-8.19645e-009
-3.24593e-008
-6.67166e-008
-1.05964e-007
-1.41179e-007
-1.57027e-007
-1.36067e-007
-7.08126e-008
2.42125e-008
1.14463e-007
1.68567e-007
1.83076e-007

   Record Number: 4
   Aqu. Duration: 11.9603 ms
     Onset Delay: 0 ms
      No. Points: 292
    No. Averages: 1000
   No. Artifacts: 0
      Start Time: Fri Apr 16 14:28

    SigGen Index: 45
       Variables: 
                  Freq = 16000 Hz
                  Level = 50 dB
                  Atten-A = 40 dB
                  Phase = 270 deg
                  Duration = 5 ms
                  GateTime = 0.5 ms
3.27399e-008
7.59666e-008
1.08637e-007
1.2999e-007
1.42305e-007
1.47769e-007
1.47181e-007
1.407e-007
1.28841e-007
1.12464e-007
9.23031e-008
6.92859e-008
4.56415e-008
2.53175e-008
1.24636e-008
8.66445e-009
1.11203e-008
1.346e-008
8.8481e-009
-6.56295e-009
-3.17921e-008
-6.15949e-008
-8.89178e-008
-1.07894e-007
-1.15963e-007
-1.14296e-007
-1.06626e-007
-9.72505e-008
-8.91847e-008
-8.31212e-008
-7.74371e-008
-6.91128e-008
-5.51334e-008
-3.3786e-008
-5.3082e-009
2.83356e-008
6.42557e-008
9.93701e-008
1.30584e-007
1.54528e-007
1.6753e-007
1.66368e-007
1.49518e-007
1.17882e-007
7.42291e-008
2.18367e-008
-3.62458e-008
-9.64717e-008
-1.53528e-007
-2.00416e-007
-2.30683e-007
-2.41303e-007
-2.33632e-007
-2.11235e-007
-1.76174e-007
-1.2686e-007
-5.94766e-008
2.77759e-008
1.30527e-007
2.37103e-007
3.31449e-007
3.98751e-007
4.30834e-007
4.28471e-007
3.99583e-007
3.54794e-007
3.03225e-007
2.50532e-007
1.99057e-007
1.48661e-007
9.73076e-008
4.16034e-008
-2.19372e-008
-9.4702e-008
-1.73707e-007
-2.50783e-007
-3.14465e-007
-3.5439e-007
-3.66084e-007
-3.5326e-007
-3.26028e-007
-2.96104e-007
-2.72005e-007
-2.56896e-007
-2.49654e-007
-2.47528e-007
-2.48029e-007
-2.4887e-007
-2.4663e-007
-2.36128e-007
-2.11958e-007
-1.71855e-007
-1.19567e-007
-6.44569e-008
-1.69929e-008
1.74763e-008
4.22158e-008
6.68343e-008
1.00468e-007
1.45322e-007
1.95218e-007
2.39858e-007
2.71271e-007
2.87872e-007
2.93856e-007
2.95113e-007
2.94957e-007
2.92572e-007
2.84794e-007
2.69316e-007
2.46563e-007
2.1905e-007
1.89344e-007
1.58741e-007
1.27722e-007
9.7303e-008
6.96483e-008
4.7091e-008
3.02034e-008
1.64634e-008
8.11272e-010
-2.17963e-008
-5.31333e-008
-8.9849e-008
-1.2456e-007
-1.49523e-007
-1.60505e-007
-1.58181e-007
-1.46398e-007
-1.29129e-007
-1.0872e-007
-8.65478e-008
-6.49947e-008
-4.85396e-008
-4.25918e-008
-5.05574e-008
-7.11042e-008
-9.7633e-008
-1.207e-007
-1.32391e-007
-1.30327e-007
-1.18815e-007
-1.06056e-007
-9.87758e-008
-9.76188e-008
-9.65083e-008
-8.66417e-008
-6.25504e-008
-2.61555e-008
1.38358e-008
4.66184e-008
6.49214e-008
6.82397e-008
6.21965e-008
5.48956e-008
5.25442e-008
5.67393e-008
6.47611e-008
7.23672e-008
7.69024e-008
7.83783e-008
7.79526e-008
7.55227e-008
6.89079e-008
5.56172e-008
3.58235e-008
1.39427e-008
-2.80673e-009
-8.15091e-009
-3.1803e-010
1.69495e-008
3.64805e-008
5.13984e-008
5.81681e-008
5.73194e-008
5.17748e-008
4.41736e-008
3.5097e-008
2.33701e-008
8.07694e-009
-9.44427e-009
-2.54637e-008
-3.59629e-008
-3.93725e-008
-3.76084e-008
-3.44363e-008
-3.24952e-008
-3.1486e-008
-2.90701e-008
-2.37217e-008
-1.7021e-008
-1.32192e-008
-1.61993e-008
-2.62535e-008
-3.93515e-008
-4.95895e-008
-5.29816e-008
-4.97192e-008
-4.32437e-008
-3.70128e-008
-3.16517e-008
-2.47873e-008
-1.36007e-008
2.07633e-009
1.86752e-008
3.07162e-008
3.41785e-008
2.89704e-008
1.89194e-008
9.58961e-009
5.50853e-009
8.27008e-009
1.61273e-008
2.50525e-008
3.08466e-008
3.13161e-008
2.71627e-008
2.08528e-008
1.42557e-008
6.92378e-009
-3.56423e-009
-1.94313e-008
-4.03434e-008
-6.25829e-008
-8.03471e-008
-8.837e-008
-8.42656e-008
-6.92376e-008
-4.69301e-008
-2.1398e-008
4.43368e-009
2.90269e-008
5.13879e-008
7.00335e-008
8.27817e-008
8.77138e-008
8.45416e-008
7.50406e-008
6.19573e-008
4.72971e-008
3.15951e-008
1.48826e-008
-1.53204e-009
-1.4166e-008
-1.84526e-008
-1.14488e-008
5.5386e-009
2.63863e-008
4.2545e-008
4.73629e-008
3.97758e-008
2.48187e-008
1.03155e-008
1.78533e-009
-9.34341e-010
-2.91881e-009
-9.8016e-009
-2.30637e-008
-3.85099e-008
-4.91414e-008
-5.03061e-008
-4.31896e-008
-3.3943e-008
-2.91648e-008
-3.12405e-008
-3.69624e-008
-4.01793e-008
-3.62432e-008
-2.49004e-008
-9.73244e-009
4.90796e-009
1.66414e-008
2.52947e-008
3.09041e-008
3.17854e-008
2.48059e-008
7.97438e-009
-1.66161e-008
-4.19488e-008
-5.84661e-008
-5.86417e-008
-4.11623e-008
-1.21242e-008
1.77439e-008
3.84221e-008
4.53645e-008
4.07739e-008
3.07764e-008
2.07563e-008
1.23643e-008
4.22195e-009
-5.21292e-009

   Record Number: 5
   Aqu. Duration: 11.9603 ms
     Onset Delay: 0 ms
      No. Points: 292
    No. Averages: 1000
   No. Artifacts: 0
      Start Time: Fri Apr 16 14:29

    SigGen Index: 46
       Variables: 
                  Freq = 16000 Hz
                  Level = 45 dB
                  Atten-A = 45 dB
                  Phase = 270 deg
                  Duration = 5 ms
                  GateTime = 0.5 ms
4.01496e-008
3.59967e-008
2.94183e-008
2.40984e-008
2.32904e-008
2.71652e-008
3.16603e-008
3.01706e-008
1.76767e-008
-5.0923e-009
-3.06145e-008
-4.82148e-008
-5.06426e-008
-3.92223e-008
-2.36269e-008
-1.59038e-008
-2.26179e-008
-4.06092e-008
-5.94354e-008
-6.86989e-008
-6.48648e-008
-5.27635e-008
-4.12372e-008
-3.67063e-008
-3.94685e-008
-4.49202e-008
-4.80677e-008
-4.76468e-008
-4.69821e-008
-5.12297e-008
-6.29586e-008
-7.90253e-008
-9.10683e-008
-8.98712e-008
-7.11315e-008
-3.85896e-008
-1.83511e-009
2.99563e-008
5.3645e-008
7.26773e-008
9.22606e-008
1.13313e-007
1.30198e-007
1.33956e-007
1.18367e-007
8.42182e-008
3.88795e-008
-8.06216e-009
-4.96524e-008
-8.35245e-008
-1.10137e-007
-1.29387e-007
-1.38724e-007
-1.34374e-007
-1.14468e-007
-8.10792e-008
-3.89499e-008
8.29238e-009
6.10107e-008
1.2239e-007
1.93505e-007
2.68508e-007
3.3427e-007
3.75618e-007
3.83121e-007
3.58377e-007
3.13155e-007
2.62557e-007
2.16325e-007
1.73948e-007
1.2695e-007
6.68178e-008
-7.05133e-009
-8.49913e-008
-1.51922e-007
-1.95964e-007
-2.14942e-007
-2.16597e-007
-2.12764e-007
-2.11753e-007
-2.14129e-007
-2.14605e-007
-2.084e-007
-1.9707e-007
-1.89065e-007
-1.94172e-007
-2.15976e-007
-2.48202e-007
-2.77835e-007
-2.92689e-007
-2.87947e-007
-2.67258e-007
-2.38219e-007
-2.05985e-007
-1.69835e-007
-1.25155e-007
-6.91819e-008
-5.83845e-009
5.44925e-008
1.00655e-007
1.27941e-007
1.41522e-007
1.53297e-007
1.73979e-007
2.05697e-007
2.40305e-007
2.64884e-007
2.70826e-007
2.60027e-007
2.43559e-007
2.33674e-007
2.35087e-007
2.4198e-007
2.42765e-007
2.2871e-007
1.99808e-007
1.63696e-007
1.29065e-007
9.91859e-008
7.06456e-008
3.78499e-008
-7.37442e-010
-3.97618e-008
-6.98044e-008
-8.3749e-008
-8.19442e-008
-7.23113e-008
-6.52354e-008
-6.69095e-008
-7.59385e-008
-8.55414e-008
-8.94793e-008
-8.71498e-008
-8.41184e-008
-8.78337e-008
-1.01689e-007
-1.21714e-007
-1.3841e-007
-1.42658e-007
-1.31652e-007
-1.10616e-007
-8.91715e-008
-7.52278e-008
-7.08857e-008
-7.28037e-008
-7.58741e-008
-7.69479e-008
-7.60144e-008
-7.45265e-008
-7.25926e-008
-6.74165e-008
-5.44321e-008
-3.05864e-008
2.56761e-009
3.85159e-008
6.89306e-008
8.84104e-008
9.73864e-008
1.00854e-007
1.03735e-007
1.06445e-007
1.04265e-007
9.12519e-008
6.58798e-008
3.41549e-008
7.47959e-009
-3.79424e-009
3.06566e-009
2.11616e-008
3.82882e-008
4.49099e-008
4.02305e-008
3.17687e-008
2.84744e-008
3.25765e-008
3.68543e-008
3.00942e-008
6.87314e-009
-2.61207e-008
-5.27431e-008
-5.76445e-008
-3.6757e-008
-3.97791e-010
3.30891e-008
4.84403e-008
4.17082e-008
2.07096e-008
-1.46605e-009
-1.46215e-008
-1.58781e-008
-8.57519e-009
2.01499e-009
1.23544e-008
2.15053e-008
2.96101e-008
3.58812e-008
3.79095e-008
3.29738e-008
2.04515e-008
3.2847e-009
-1.31572e-008
-2.44466e-008
-3.01999e-008
-3.41993e-008
-4.10022e-008
-5.14497e-008
-6.07728e-008
-6.13671e-008
-4.87691e-008
-2.64938e-008
-5.58772e-009
1.66726e-009
-1.0113e-008
-3.53478e-008
-6.0731e-008
-7.36324e-008
-6.96667e-008
-5.42043e-008
-3.72752e-008
-2.60918e-008
-2.07151e-008
-1.56397e-008
-5.60493e-009
9.09565e-009
2.20777e-008
2.56645e-008
1.72833e-008
2.31053e-009
-9.02887e-009
-8.44617e-009
4.92204e-009
2.41397e-008
3.92331e-008
4.36065e-008
3.77566e-008
2.80658e-008
2.1953e-008
2.30182e-008
2.94702e-008
3.65229e-008
4.05296e-008
4.14572e-008
4.17759e-008
4.29094e-008
4.26159e-008
3.60054e-008
1.97404e-008
-3.97898e-009
-2.71497e-008
-4.01267e-008
-3.75725e-008
-2.21213e-008
-3.02143e-009
9.7243e-009
1.19919e-008
8.26733e-009
8.17483e-009
1.89025e-008
3.88926e-008
5.75984e-008
6.18865e-008
4.48761e-008
1.12027e-008
-2.49371e-008
-4.78366e-008
-4.93097e-008
-3.29576e-008
-1.10869e-008
3.41039e-009
4.64508e-009
-4.11632e-009
-1.45897e-008
-2.03353e-008
-2.11436e-008
-2.19052e-008
-2.71869e-008
-3.60629e-008
-4.16953e-008
-3.6551e-008
-1.94487e-008
1.39366e-009
1.24864e-008
4.04452e-009
-2.24345e-008
-5.34775e-008
-7.06167e-008
-6.08372e-008
-2.42735e-008
2.53909e-008
6.86407e-008
9.24571e-008
9.78563e-008

   Record Number: 6
   Aqu. Duration: 11.9603 ms
     Onset Delay: 0 ms
      No. Points: 292
    No. Averages: 1000
   No. Artifacts: 0
      Start Time: Fri Apr 16 14:30

    SigGen Index: 47
       Variables: 
                  Freq = 16000 Hz
                  Level = 40 dB
                  Atten-A = 50 dB
                  Phase = 270 deg
                  Duration = 5 ms
                  GateTime = 0.5 ms
-1.13269e-008
-3.3867e-008
-5.10947e-008
-5.81579e-008
-5.36391e-008
-4.06667e-008
-2.59191e-008
-1.65129e-008
-1.6193e-008
-2.31263e-008
-3.09957e-008
-3.30946e-008
-2.69694e-008
-1.6419e-008
-9.18931e-009
-1.17568e-008
-2.49224e-008
-4.34454e-008
-5.98199e-008
-6.91687e-008
-7.16711e-008
-7.11483e-008
-7.13562e-008
-7.29181e-008
-7.29494e-008
-6.73086e-008
-5.36545e-008
-3.31713e-008
-9.92132e-009
1.16039e-008
2.90548e-008
4.31846e-008
5.64539e-008
7.01364e-008
8.21131e-008
8.75012e-008
8.23015e-008
6.75394e-008
5.03566e-008
4.05642e-008
4.47713e-008
6.22242e-008
8.52308e-008
1.03688e-007
1.10459e-007
1.04105e-007
8.77197e-008
6.54352e-008
3.94002e-008
9.14905e-009
-2.66678e-008
-6.76857e-008
-1.10192e-007
-1.4757e-007
-1.72661e-007
-1.80653e-007
-1.70734e-007
-1.45464e-007
-1.08446e-007
-6.20756e-008
-7.12278e-009
5.54786e-008
1.22008e-007
1.84718e-007
2.33463e-007
2.59706e-007
2.60485e-007
2.39705e-007
2.05946e-007
1.68314e-007
1.32834e-007
1.01014e-007
7.07113e-008
3.84432e-008
1.93751e-009
-3.83769e-008
-7.96903e-008
-1.18485e-007
-1.52097e-007
-1.78988e-007
-1.97964e-007
-2.07565e-007
-2.06525e-007
-1.95044e-007
-1.75839e-007
-1.53994e-007
-1.35359e-007
-1.24157e-007
-1.21217e-007
-1.24104e-007
-1.29206e-007
-1.34275e-007
-1.39387e-007
-1.45507e-007
-1.51872e-007
-1.5451e-007
-1.473e-007
-1.25018e-007
-8.63817e-008
-3.52531e-008
2.05946e-008
7.23804e-008
1.13462e-007
1.41391e-007
1.58126e-007
1.68488e-007
1.77718e-007
1.89287e-007
2.0383e-007
2.19473e-007
2.33161e-007
2.42151e-007
2.44862e-007
2.40857e-007
2.3038e-007
2.14048e-007
1.92824e-007
1.67929e-007
1.40432e-007
1.1082e-007
7.911e-008
4.56681e-008
1.20446e-008
-1.90897e-008
-4.50991e-008
-6.47719e-008
-7.88327e-008
-8.93122e-008
-9.84835e-008
-1.08153e-007
-1.1939e-007
-1.32294e-007
-1.45645e-007
-1.56823e-007
-1.62463e-007
-1.59833e-007
-1.48259e-007
-1.29764e-007
-1.08526e-007
-8.94093e-008
-7.62169e-008
-7.03116e-008
-7.01643e-008
-7.21407e-008
-7.224e-008
-6.7849e-008
-5.8481e-008
-4.51497e-008
-2.90278e-008
-1.058e-008
1.00637e-008
3.18696e-008
5.20586e-008
6.66971e-008
7.26206e-008
6.9557e-008
6.10786e-008
5.35764e-008
5.34829e-008
6.40335e-008
8.33838e-008
1.05352e-007
1.2251e-007
1.29715e-007
1.25827e-007
1.1265e-007
9.22559e-008
6.50208e-008
3.00389e-008
-1.23139e-008
-5.77821e-008
-9.80396e-008
-1.23748e-007
-1.29251e-007
-1.15857e-007
-9.13881e-008
-6.60426e-008
-4.70727e-008
-3.5638e-008
-2.7783e-008
-1.86269e-008
-6.58078e-009
5.47651e-009
1.27122e-008
1.24059e-008
6.42576e-009
2.80509e-010
-6.09864e-010
5.13724e-009
1.3483e-008
1.73277e-008
1.13044e-008
-4.11021e-009
-2.20735e-008
-3.3049e-008
-3.03467e-008
-1.38295e-008
1.05428e-008
3.45202e-008
5.15781e-008
5.84629e-008
5.42734e-008
3.93009e-008
1.54402e-008
-1.24075e-008
-3.62217e-008
-4.75202e-008
-4.17714e-008
-2.1652e-008
3.44016e-009
2.19471e-008
2.64512e-008
1.79783e-008
5.40575e-009
-5.92414e-011
7.91567e-009
2.65772e-008
4.57893e-008
5.46218e-008
4.8427e-008
3.16734e-008
1.47867e-008
7.33724e-009
1.21553e-008
2.39613e-008
3.29778e-008
3.10243e-008
1.64104e-008
-5.15912e-009
-2.40906e-008
-3.26377e-008
-2.92532e-008
-1.87544e-008
-8.31975e-009
-2.31815e-009
2.28337e-010
3.87027e-009
1.23039e-008
2.48158e-008
3.62156e-008
4.01758e-008
3.35223e-008
1.84749e-008
1.26568e-009
-1.19956e-008
-1.93722e-008
-2.41028e-008
-3.16518e-008
-4.48746e-008
-6.10155e-008
-7.31198e-008
-7.50778e-008
-6.64514e-008
-5.31539e-008
-4.33681e-008
-4.19546e-008
-4.75554e-008
-5.41049e-008
-5.51131e-008
-4.75754e-008
-3.32222e-008
-1.68378e-008
-3.1283e-009
5.78264e-009
1.08318e-008
1.44765e-008
1.84142e-008
2.2273e-008
2.43008e-008
2.35516e-008
2.16962e-008
2.26067e-008
2.96295e-008
4.26271e-008
5.73575e-008
6.78932e-008
7.02085e-008
6.42161e-008
5.30978e-008
4.10547e-008
3.14474e-008
2.62022e-008
2.57778e-008
2.87037e-008
3.09595e-008
2.66633e-008
1.09519e-008
-1.61979e-008
-4.81582e-008
-7.43931e-008
-8.73981e-008
-8.79742e-008

   Record Number: 7
   Aqu. Duration: 11.9603 ms
     Onset Delay: 0 ms
      No. Points: 292
    No. Averages: 1000
   No. Artifacts: 0
      Start Time: Fri Apr 16 14:30

    SigGen Index: 48
       Variables: 
                  Freq = 16000 Hz
                  Level = 35 dB
                  Atten-A = 55 dB
                  Phase = 270 deg
                  Duration = 5 ms
                  GateTime = 0.5 ms
1.95876e-008
4.2293e-008
5.88745e-008
6.4942e-008
6.14319e-008
5.39028e-008
4.88313e-008
4.96121e-008
5.50112e-008
6.06861e-008
6.21642e-008
5.71573e-008
4.62021e-008
3.19069e-008
1.75615e-008
5.6975e-009
-2.96429e-009
-9.72324e-009
-1.69863e-008
-2.65718e-008
-3.82425e-008
-4.95358e-008
-5.72024e-008
-5.94613e-008
-5.7532e-008
-5.51519e-008
-5.6141e-008
-6.16353e-008
-6.89709e-008
-7.30117e-008
-6.90768e-008
-5.57602e-008
-3.60863e-008
-1.62894e-008
-2.73321e-009
1.34029e-009
-2.76276e-009
-1.05446e-008
-1.75302e-008
-2.20148e-008
-2.52706e-008
-2.90553e-008
-3.25079e-008
-3.12689e-008
-2.00993e-008
2.59251e-009
3.17814e-008
5.70965e-008
6.8025e-008
5.98453e-008
3.64532e-008
8.26004e-009
-1.34983e-008
-2.25347e-008
-1.99826e-008
-1.24026e-008
-6.95451e-009
-6.95558e-009
-1.04971e-008
-1.25704e-008
-8.78407e-009
2.1361e-009
1.87008e-008
3.91527e-008
6.36185e-008
9.36805e-008
1.29362e-007
1.6604e-007
1.94386e-007
2.04354e-007
1.91046e-007
1.5851e-007
1.18587e-007
8.50607e-008
6.64189e-008
6.15499e-008
6.10046e-008
5.30845e-008
3.09635e-008
-3.68117e-009
-4.27323e-008
-7.76437e-008
-1.04869e-007
-1.26765e-007
-1.47633e-007
-1.68404e-007
-1.84448e-007
-1.8849e-007
-1.76541e-007
-1.52353e-007
-1.26829e-007
-1.12385e-007
-1.15734e-007
-1.33649e-007
-1.54354e-007
-1.63914e-007
-1.541e-007
-1.27172e-007
-9.44557e-008
-6.92467e-008
-5.84995e-008
-5.88711e-008
-5.97084e-008
-5.05326e-008
-2.75823e-008
4.80597e-009
3.81962e-008
6.6094e-008
8.7769e-008
1.07446e-007
1.29766e-007
1.55109e-007
1.78433e-007
1.92569e-007
1.93399e-007
1.83069e-007
1.68968e-007
1.5921e-007
1.57584e-007
1.61238e-007
1.62644e-007
1.546e-007
1.34893e-007
1.07376e-007
7.88749e-008
5.44001e-008
3.43042e-008
1.52965e-008
-5.86544e-009
-2.91968e-008
-5.13896e-008
-6.86795e-008
-8.00053e-008
-8.75883e-008
-9.44107e-008
-1.00881e-007
-1.03741e-007
-9.84414e-008
-8.34094e-008
-6.29848e-008
-4.65009e-008
-4.35204e-008
-5.79822e-008
-8.50702e-008
-1.13081e-007
-1.29382e-007
-1.26882e-007
-1.07232e-007
-7.91827e-008
-5.35155e-008
-3.76239e-008
-3.25334e-008
-3.34658e-008
-3.31341e-008
-2.5753e-008
-9.70515e-009
1.22861e-008
3.52884e-008
5.51371e-008
7.02344e-008
8.09385e-008
8.72668e-008
8.72568e-008
7.79042e-008
5.82067e-008
3.16244e-008
5.46234e-009
-1.27681e-008
-1.93906e-008
-1.60807e-008
-7.97986e-009
-7.57364e-011
5.46774e-009
9.47031e-009
1.39223e-008
1.99764e-008
2.71219e-008
3.36879e-008
3.79998e-008
3.94046e-008
3.85912e-008
3.69561e-008
3.53183e-008
3.28752e-008
2.7329e-008
1.63518e-008
-5.16154e-010
-2.09622e-008
-4.08178e-008
-5.62184e-008
-6.53366e-008
-6.83102e-008
-6.55724e-008
-5.62872e-008
-3.85825e-008
-1.16889e-008
2.16647e-008
5.46796e-008
7.86535e-008
8.69139e-008
7.8233e-008
5.75471e-008
3.33934e-008
1.35364e-008
1.38201e-009
-4.82183e-009
-9.82814e-009
-1.7867e-008
-2.99188e-008
-4.32002e-008
-5.28792e-008
-5.48693e-008
-4.81428e-008
-3.541e-008
-2.1904e-008
-1.2926e-008
-1.13299e-008
-1.61215e-008
-2.28702e-008
-2.58695e-008
-2.11773e-008
-9.09226e-009
5.41813e-009
1.50039e-008
1.40359e-008
2.19582e-009
-1.48487e-008
-2.8392e-008
-3.15621e-008
-2.30506e-008
-7.41917e-009
7.93755e-009
1.69745e-008
1.77696e-008
1.26394e-008
6.04117e-009
1.78483e-009
1.28419e-009
3.85056e-009
8.4922e-009
1.53316e-008
2.50338e-008
3.66719e-008
4.63528e-008
4.86306e-008
4.02701e-008
2.35201e-008
5.98161e-009
-3.41576e-009
1.43939e-010
1.41672e-008
3.01635e-008
3.87579e-008
3.53572e-008
2.27058e-008
8.6908e-009
9.15575e-010
1.73483e-009
7.09164e-009
9.78829e-009
4.69665e-009
-7.80889e-009
-2.23916e-008
-3.25029e-008
-3.44592e-008
-2.90879e-008
-2.01984e-008
-1.14407e-008
-4.09955e-009
2.57279e-009
9.01377e-009
1.32516e-008
1.12208e-008
-2.9689e-010
-2.02441e-008
-4.22776e-008
-5.7502e-008
-5.94913e-008
-4.82662e-008
-3.03607e-008
-1.4706e-008
-7.03188e-009
-6.65479e-009
-7.83502e-009
-4.50473e-009
5.22732e-009
1.8009e-008
2.81839e-008
3.23567e-008
3.18123e-008
3.04384e-008
3.04816e-008

   Record Number: 8
   Aqu. Duration: 11.9603 ms
     Onset Delay: 0 ms
      No. Points: 292
    No. Averages: 1000
   No. Artifacts: 0
      Start Time: Fri Apr 16 14:31

    SigGen Index: 49
       Variables: 
                  Freq = 16000 Hz
                  Level = 30 dB
                  Atten-A = 60 dB
                  Phase = 270 deg
                  Duration = 5 ms
                  GateTime = 0.5 ms
-5.17837e-008
-6.1133e-008
-6.69651e-008
-6.90358e-008
-6.72186e-008
-6.10088e-008
-5.00829e-008
-3.54807e-008
-2.00007e-008
-6.86565e-009
2.53288e-009
9.75537e-009
1.80347e-008
2.9512e-008
4.32398e-008
5.54572e-008
6.17994e-008
5.98946e-008
5.08158e-008
3.86016e-008
2.80593e-008
2.20718e-008
2.01475e-008
1.93279e-008
1.68911e-008
1.27954e-008
9.87178e-009
1.14789e-008
1.83517e-008
2.71442e-008
3.20822e-008
2.88689e-008
1.81192e-008
5.61131e-009
-1.22916e-009
1.57972e-009
1.14619e-008
2.05101e-008
2.04249e-008
7.8683e-009
-1.33916e-008
-3.48927e-008
-4.87052e-008
-5.20005e-008
-4.80598e-008
-4.31433e-008
-4.14074e-008
-4.15685e-008
-3.7928e-008
-2.51046e-008
-2.86589e-009
2.26466e-008
4.21313e-008
4.82541e-008
3.90755e-008
1.79395e-008
-9.21064e-009
-3.66841e-008
-6.03538e-008
-7.74684e-008
-8.61331e-008
-8.53662e-008
-7.56074e-008
-5.89054e-008
-3.8284e-008
-1.65583e-008
4.60603e-009
2.4759e-008
4.38848e-008
6.14059e-008
7.57763e-008
8.50931e-008
8.83771e-008
8.64709e-008
8.1637e-008
7.6113e-008
7.09654e-008
6.62736e-008
6.22355e-008
5.97983e-008
5.99135e-008
6.18867e-008
6.22975e-008
5.5856e-008
3.83405e-008
1.00471e-008
-2.27812e-008
-5.0177e-008
-6.34584e-008
-5.99868e-008
-4.46557e-008
-2.73302e-008
-1.80088e-008
-2.24993e-008
-4.05945e-008
-6.71477e-008
-9.50994e-008
-1.18757e-007
-1.35574e-007
-1.45547e-007
-1.48977e-007
-1.44704e-007
-1.30628e-007
-1.06327e-007
-7.54411e-008
-4.5422e-008
-2.41983e-008
-1.57361e-008
-1.73545e-008
-2.07028e-008
-1.61759e-008
1.66443e-009
3.10847e-008
6.47203e-008
9.46443e-008
1.17178e-007
1.33787e-007
1.47677e-007
1.59375e-007
1.65344e-007
1.60838e-007
1.4446e-007
1.20501e-007
9.70875e-008
8.14627e-008
7.57896e-008
7.62854e-008
7.59987e-008
6.91293e-008
5.40882e-008
3.36261e-008
1.22928e-008
-6.86678e-009
-2.39862e-008
-4.11842e-008
-5.95458e-008
-7.69431e-008
-8.88024e-008
-9.14824e-008
-8.55989e-008
-7.64196e-008
-7.06705e-008
-7.19854e-008
-7.83794e-008
-8.36511e-008
-8.17805e-008
-7.13179e-008
-5.6789e-008
-4.61531e-008
-4.58979e-008
-5.67564e-008
-7.25675e-008
-8.30568e-008
-7.92424e-008
-5.85691e-008
-2.66057e-008
6.09477e-009
3.01933e-008
4.268e-008
4.73766e-008
5.07114e-008
5.61826e-008
6.16879e-008
6.14596e-008
5.08714e-008
3.05011e-008
6.55519e-009
-1.26595e-008
-2.18123e-008
-2.16315e-008
-1.77594e-008
-1.6216e-008
-1.89683e-008
-2.30424e-008
-2.36019e-008
-1.80279e-008
-7.47272e-009
4.97282e-009
1.72653e-008
2.96791e-008
4.34616e-008
5.83488e-008
7.1233e-008
7.72377e-008
7.2657e-008
5.79014e-008
3.84405e-008
2.27144e-008
1.77172e-008
2.46657e-008
3.76444e-008
4.6562e-008
4.29494e-008
2.50885e-008
-7.33199e-010
-2.36076e-008
-3.3953e-008
-2.85444e-008
-1.18737e-008
6.74858e-009
1.85843e-008
2.01251e-008
1.40894e-008
6.20718e-009
3.90647e-010
-3.81309e-009
-9.64641e-009
-1.92617e-008
-3.11755e-008
-4.11449e-008
-4.54571e-008
-4.38331e-008
-3.97642e-008
-3.81265e-008
-4.18054e-008
-4.9704e-008
-5.74932e-008
-6.04294e-008
-5.60685e-008
-4.50051e-008
-2.9543e-008
-1.18282e-008
6.90101e-009
2.55603e-008
4.1942e-008
5.22868e-008
5.24337e-008
4.01844e-008
1.7553e-008
-8.7977e-009
-2.9919e-008
-3.89208e-008
-3.46823e-008
-2.219e-008
-8.96385e-009
-6.9341e-011
4.50172e-009
8.1492e-009
1.33888e-008
1.89859e-008
2.12125e-008
1.80366e-008
1.21344e-008
9.58353e-009
1.50889e-008
2.7835e-008
4.1534e-008
4.86187e-008
4.51919e-008
3.30909e-008
1.80598e-008
5.94047e-009
-3.06236e-010
-1.19079e-009
7.69833e-010
3.15064e-009
4.9392e-009
6.36203e-009
7.49708e-009
6.88797e-009
1.59865e-009
-1.07973e-008
-2.94118e-008
-4.86072e-008
-5.96783e-008
-5.54248e-008
-3.50056e-008
-5.57986e-009
2.09282e-008
3.41151e-008
3.03281e-008
1.36223e-008
-7.55404e-009
-2.51187e-008
-3.43785e-008
-3.41558e-008
-2.5326e-008
-9.88631e-009
8.70722e-009
2.52033e-008
3.39079e-008
3.16574e-008
2.02171e-008
5.76418e-009
-4.68088e-009
-7.44939e-009
-4.01425e-009
8.42608e-010
2.93861e-009
1.48723e-009
-1.54475e-009
-4.34432e-009

   Record Number: 9
   Aqu. Duration: 11.9603 ms
     Onset Delay: 0 ms
      No. Points: 292
    No. Averages: 1000
   No. Artifacts: 0
      Start Time: Fri Apr 16 14:32

    SigGen Index: 50
       Variables: 
                  Freq = 16000 Hz
                  Level = 25 dB
                  Atten-A = 65 dB
                  Phase = 270 deg
                  Duration = 5 ms
                  GateTime = 0.5 ms
4.1932e-008
6.55238e-008
8.79421e-008
1.06528e-007
1.19088e-007
1.2386e-007
1.19815e-007
1.07262e-007
8.82886e-008
6.66331e-008
4.69584e-008
3.37496e-008
2.9956e-008
3.54998e-008
4.62655e-008
5.46997e-008
5.26422e-008
3.53788e-008
4.53139e-009
-3.2263e-008
-6.49421e-008
-8.5787e-008
-9.25548e-008
-8.83543e-008
-7.88527e-008
-6.89787e-008
-6.11547e-008
-5.55603e-008
-5.14196e-008
-4.80025e-008
-4.48232e-008
-4.14229e-008
-3.734e-008
-3.24422e-008
-2.72947e-008
-2.31297e-008
-2.12972e-008
-2.25003e-008
-2.63316e-008
-3.14603e-008
-3.63283e-008
-3.97622e-008
-4.10104e-008
-3.93853e-008
-3.42153e-008
-2.54674e-008
-1.44972e-008
-3.9782e-009
3.28668e-009
5.88139e-009
4.44905e-009
1.09126e-009
-1.82064e-009
-2.45721e-009
1.84134e-010
5.89093e-009
1.25468e-008
1.61216e-008
1.24935e-008
6.24019e-010
-1.53546e-008
-2.7516e-008
-2.87551e-008
-1.75359e-008
7.55268e-010
1.69416e-008
2.36092e-008
1.95456e-008
1.04483e-008
5.67405e-009
1.31208e-008
3.52819e-008
6.84994e-008
1.05235e-007
1.37451e-007
1.59108e-007
1.66977e-007
1.6027e-007
1.40101e-007
1.09448e-007
7.34083e-008
3.88279e-008
1.26051e-008
-9.46058e-010
-2.13951e-009
4.20843e-009
1.13382e-008
1.40577e-008
1.09272e-008
3.75285e-009
-4.93269e-009
-1.42058e-008
-2.50453e-008
-3.86503e-008
-5.46008e-008
-7.07205e-008
-8.48375e-008
-9.67574e-008
-1.08366e-007
-1.21372e-007
-1.34521e-007
-1.42992e-007
-1.41034e-007
-1.26075e-007
-1.011e-007
-7.34135e-008
-5.06794e-008
-3.7033e-008
-3.17209e-008
-3.07704e-008
-3.01314e-008
-2.79886e-008
-2.4878e-008
-2.20433e-008
-1.96847e-008
-1.65026e-008
-1.0651e-008
-1.12936e-009
1.14489e-008
2.51319e-008
3.77151e-008
4.80097e-008
5.64762e-008
6.46114e-008
7.33085e-008
8.14094e-008
8.58487e-008
8.37308e-008
7.5067e-008
6.39844e-008
5.69432e-008
5.86382e-008
6.83371e-008
7.95728e-008
8.38622e-008
7.60606e-008
5.75687e-008
3.51022e-008
1.5964e-008
3.25523e-009
-5.61152e-009
-1.61953e-008
-3.21962e-008
-5.19401e-008
-6.85128e-008
-7.33875e-008
-6.13141e-008
-3.36785e-008
1.51991e-009
3.30946e-008
5.16516e-008
5.33691e-008
4.06157e-008
1.95406e-008
-3.33671e-009
-2.32435e-008
-3.71849e-008
-4.30441e-008
-3.95203e-008
-2.73804e-008
-1.06617e-008
3.94548e-009
9.8128e-009
3.54828e-009
-1.35545e-008
-3.66782e-008
-6.01078e-008
-7.91855e-008
-9.04456e-008
-9.08556e-008
-7.81034e-008
-5.26156e-008
-1.96216e-008
1.13702e-008
3.06302e-008
3.37345e-008
2.47413e-008
1.4269e-008
1.3063e-008
2.49762e-008
4.41315e-008
5.84857e-008
5.76921e-008
4.01485e-008
1.45445e-008
-5.19508e-009
-8.37514e-009
5.96806e-009
2.85465e-008
4.54384e-008
4.62662e-008
3.00517e-008
5.46857e-009
-1.45221e-008
-2.05126e-008
-1.22818e-008
1.39233e-009
8.78435e-009
3.14298e-009
-1.2972e-008
-2.9863e-008
-3.7602e-008
-3.26248e-008
-1.95177e-008
-7.24124e-009
-3.01926e-009
-8.34358e-009
-1.93354e-008
-3.02217e-008
-3.6874e-008
-3.81971e-008
-3.52137e-008
-2.91589e-008
-2.01541e-008
-7.39715e-009
9.32039e-009
2.80322e-008
4.4471e-008
5.39322e-008
5.40446e-008
4.64661e-008
3.61786e-008
2.87752e-008
2.7451e-008
3.14271e-008
3.64936e-008
3.71618e-008
2.92724e-008
1.1968e-008
-1.1657e-008
-3.54984e-008
-5.27663e-008
-5.8778e-008
-5.27879e-008
-3.78385e-008
-1.89503e-008
-1.08394e-009
1.1876e-008
1.71528e-008
1.31691e-008
4.08393e-010
-1.75509e-008
-3.42209e-008
-4.23392e-008
-3.71141e-008
-1.87097e-008
7.56516e-009
3.3547e-008
5.1799e-008
5.86683e-008
5.53288e-008
4.63991e-008
3.70464e-008
3.03141e-008
2.6161e-008
2.25214e-008
1.73978e-008
1.04343e-008
2.88284e-009
-3.93416e-009
-1.03796e-008
-1.88619e-008
-3.21301e-008
-5.05215e-008
-7.0305e-008
-8.47505e-008
-8.75927e-008
-7.66871e-008
-5.54438e-008
-3.11559e-008
-1.13012e-008
1.6219e-012
3.42712e-009
3.10269e-009
3.47279e-009
6.40048e-009
1.03774e-008
1.2402e-008
1.12951e-008
1.00183e-008
1.49453e-008
3.20206e-008
6.19737e-008
9.75973e-008
1.25065e-007
1.2921e-007
1.00809e-007
4.27351e-008
-2.8692e-008
-9.03131e-008
-1.26066e-007
-1.37375e-007

   Record Number: 10
   Aqu. Duration: 11.9603 ms
     Onset Delay: 0 ms
      No. Points: 292
    No. Averages: 1000
   No. Artifacts: 0
      Start Time: Fri Apr 16 14:33

    SigGen Index: 51
       Variables: 
                  Freq = 16000 Hz
                  Level = 20 dB
                  Atten-A = 70 dB
                  Phase = 270 deg
                  Duration = 5 ms
                  GateTime = 0.5 ms
-4.72426e-008
-6.89071e-008
-8.7495e-008
-9.96371e-008
-1.04322e-007
-1.02541e-007
-9.571e-008
-8.43258e-008
-6.80733e-008
-4.70963e-008
-2.2991e-008
1.50611e-009
2.37201e-008
4.19483e-008
5.5523e-008
6.44724e-008
6.9403e-008
7.15796e-008
7.26981e-008
7.41249e-008
7.60911e-008
7.76262e-008
7.7478e-008
7.53766e-008
7.26378e-008
7.15566e-008
7.38539e-008
7.90711e-008
8.3996e-008
8.3829e-008
7.48472e-008
5.71524e-008
3.55601e-008
1.7542e-008
9.17334e-009
1.1718e-008
2.11592e-008
3.06798e-008
3.39573e-008
2.71548e-008
9.26473e-009
-1.81887e-008
-5.14245e-008
-8.50272e-008
-1.13348e-007
-1.32169e-007
-1.39573e-007
-1.35732e-007
-1.22331e-007
-1.02411e-007
-8.04109e-008
-6.15737e-008
-5.03862e-008
-4.87655e-008
-5.51507e-008
-6.52041e-008
-7.38884e-008
-7.78187e-008
-7.64646e-008
-7.14035e-008
-6.42249e-008
-5.48299e-008
-4.16189e-008
-2.34074e-008
-1.30801e-009
2.11552e-008
3.98055e-008
5.19709e-008
5.75072e-008
5.8341e-008
5.72588e-008
5.68002e-008
5.86301e-008
6.33281e-008
7.03863e-008
7.83234e-008
8.50304e-008
8.84587e-008
8.7407e-008
8.18518e-008
7.25605e-008
6.04726e-008
4.66073e-008
3.25724e-008
2.08632e-008
1.4196e-008
1.41246e-008
2.00103e-008
2.91785e-008
3.81163e-008
4.38647e-008
4.48482e-008
4.09426e-008
3.29923e-008
2.21009e-008
9.08779e-009
-5.51078e-009
-2.08814e-008
-3.54221e-008
-4.70849e-008
-5.46736e-008
-5.90877e-008
-6.31643e-008
-6.97724e-008
-7.93654e-008
-8.88494e-008
-9.27914e-008
-8.64033e-008
-6.85918e-008
-4.32905e-008
-1.81612e-008
-1.11222e-009
3.64257e-009
-2.23374e-009
-1.21784e-008
-1.83744e-008
-1.58374e-008
-4.52738e-009
1.14122e-008
2.62906e-008
3.56032e-008
3.75906e-008
3.32617e-008
2.51925e-008
1.5892e-008
6.79072e-009
-1.47002e-009
-7.83466e-009
-1.00402e-008
-5.43548e-009
6.71628e-009
2.31736e-008
3.70304e-008
4.1048e-008
3.2152e-008
1.38347e-008
-5.64611e-009
-1.82858e-008
-2.10006e-008
-1.65584e-008
-1.03279e-008
-5.66772e-009
-1.64481e-009
5.36614e-009
1.78867e-008
3.46212e-008
5.09086e-008
6.173e-008
6.484e-008
6.18644e-008
5.69125e-008
5.38368e-008
5.38434e-008
5.47644e-008
5.24194e-008
4.33908e-008
2.75629e-008
8.61224e-009
-8.20891e-009
-1.96767e-008
-2.69156e-008
-3.44245e-008
-4.63236e-008
-6.27261e-008
-7.91663e-008
-8.95354e-008
-9.01962e-008
-8.22535e-008
-7.06566e-008
-6.1177e-008
-5.7458e-008
-5.97802e-008
-6.57785e-008
-7.21934e-008
-7.64764e-008
-7.75692e-008
-7.5822e-008
-7.23299e-008
-6.80057e-008
-6.27784e-008
-5.54073e-008
-4.41718e-008
-2.81068e-008
-7.95889e-009
1.38138e-008
3.39602e-008
4.9572e-008
5.87369e-008
6.06174e-008
5.54224e-008
4.46519e-008
3.13536e-008
1.96772e-008
1.34147e-008
1.42206e-008
2.07958e-008
2.9789e-008
3.79191e-008
4.38689e-008
4.86228e-008
5.40712e-008
6.10393e-008
6.83328e-008
7.35597e-008
7.50488e-008
7.33145e-008
7.08817e-008
7.05748e-008
7.35279e-008
7.83076e-008
8.16779e-008
8.04768e-008
7.35196e-008
6.25053e-008
5.13263e-008
4.39064e-008
4.16317e-008
4.20938e-008
4.03781e-008
3.241e-008
1.80927e-008
1.73171e-009
-1.0921e-008
-1.70282e-008
-1.91261e-008
-2.35879e-008
-3.59912e-008
-5.67892e-008
-8.06386e-008
-9.9965e-008
-1.09995e-007
-1.11387e-007
-1.08664e-007
-1.0608e-007
-1.04356e-007
-1.00759e-007
-9.21891e-008
-7.86161e-008
-6.40979e-008
-5.45909e-008
-5.42481e-008
-6.27733e-008
-7.5325e-008
-8.47343e-008
-8.47408e-008
-7.27759e-008
-5.11289e-008
-2.59359e-008
-4.34479e-009
8.84194e-009
1.3348e-008
1.32667e-008
1.46511e-008
2.21925e-008
3.68613e-008
5.57481e-008
7.38886e-008
8.66921e-008
9.16336e-008
8.88226e-008
8.07933e-008
7.18121e-008
6.66803e-008
6.90891e-008
7.99696e-008
9.6506e-008
1.12423e-007
1.19901e-007
1.12845e-007
9.01836e-008
5.71215e-008
2.29231e-008
-3.93909e-009
-2.0235e-008
-2.89991e-008
-3.66346e-008
-4.84662e-008
-6.57912e-008
-8.58019e-008
-1.03636e-007
-1.14942e-007
-1.17664e-007
-1.12368e-007
-1.00973e-007
-8.45905e-008
-6.20851e-008
-3.10566e-008
8.63375e-009
5.12921e-008
8.60812e-008
1.04266e-007
1.06709e-007

